<<<<<<< HEAD
SG_D0,SG_D1,SG_D2,SG_D3,SG_D4,SG_D5,SG_D6,SG_D7,SG_D8,ID
-23.0,-29.0,-28.0,-20.0,-20.0,-28.0,-13.0,-19.0,-25.0,10
-22.0,-29.0,-28.0,-19.0,-20.0,-27.0,-13.0,-18.0,-25.0,10
-22.0,-29.0,-28.0,-20.0,-19.0,-28.0,-12.0,-18.0,-25.0,10
-22.0,-30.0,-29.0,-20.0,-19.0,-28.0,-12.0,-18.0,-25.0,10
-22.0,-30.0,-29.0,-20.0,-19.0,-28.0,-12.0,-18.0,-25.0,10
-22.0,-30.0,-29.0,-20.0,-19.0,-28.0,-12.0,-18.0,-26.0,10
-22.0,-31.0,-29.0,-21.0,-19.0,-28.0,-12.0,-18.0,-26.0,10
-22.0,-30.0,-29.0,-20.0,-19.0,-27.0,-10.0,-17.0,-25.0,10
-20.0,-30.0,-29.0,-20.0,-17.0,-27.0,-9.0,-17.0,-25.0,10
-20.0,-30.0,-29.0,-20.0,-16.0,-27.0,-9.0,-17.0,-25.0,10
-20.0,-30.0,-28.0,-17.0,-14.0,-27.0,-8.0,-16.0,-24.0,10
-19.0,-30.0,-28.0,-14.0,-13.0,-28.0,-7.0,-17.0,-24.0,10
-20.0,-30.0,-29.0,-14.0,-13.0,-28.0,-7.0,-17.0,-25.0,10
-20.0,-30.0,-29.0,-18.0,-14.0,-28.0,-7.0,-18.0,-25.0,10
-20.0,-30.0,-29.0,-18.0,-14.0,-28.0,-7.0,-18.0,-25.0,10
-20.0,-30.0,-29.0,-18.0,-15.0,-28.0,-7.0,-19.0,-25.0,10
-20.0,-30.0,-29.0,-14.0,-14.0,-28.0,-7.0,-19.0,-25.0,10
-19.0,-30.0,-29.0,-14.0,-14.0,-28.0,-6.0,-18.0,-25.0,10
-19.0,-30.0,-29.0,-13.0,-13.0,-28.0,-5.0,-18.0,-25.0,10
-19.0,-30.0,-29.0,-11.0,-13.0,-28.0,-4.0,-18.0,-25.0,10
-19.0,-30.0,-28.0,-11.0,-12.0,-28.0,-2.0,-18.0,-25.0,10
-19.0,-30.0,-29.0,-13.0,-12.0,-28.0,-2.0,-20.0,-25.0,10
-19.0,-30.0,-29.0,-14.0,-12.0,-28.0,-5.0,-20.0,-26.0,10
-19.0,-30.0,-29.0,-14.0,-13.0,-28.0,-5.0,-20.0,-26.0,10
-16.0,-28.0,-30.0,-10.0,-8.0,-27.0,2.0,-19.0,-26.0,10
-15.0,-28.0,-30.0,-8.0,-7.0,-26.0,3.0,-17.0,-24.0,10
-15.0,-28.0,-30.0,-6.0,-7.0,-25.0,4.0,-17.0,-23.0,10
-13.0,-28.0,-28.0,-5.0,-5.0,-24.0,5.0,-16.0,-22.0,10
-11.0,-27.0,-28.0,-2.0,-4.0,-24.0,6.0,-16.0,-21.0,10
-11.0,-27.0,-26.0,-5.0,-3.0,-24.0,6.0,-15.0,-21.0,10
-11.0,-27.0,-28.0,-5.0,-3.0,-24.0,6.0,-15.0,-21.0,10
-11.0,-27.0,-28.0,-5.0,-3.0,-24.0,6.0,-15.0,-21.0,10
-11.0,-26.0,-28.0,-5.0,-3.0,-24.0,7.0,-13.0,-20.0,10
-10.0,-26.0,-26.0,-2.0,-2.0,-24.0,7.0,-13.0,-19.0,10
-10.0,-26.0,-26.0,-2.0,0.0,-24.0,8.0,-13.0,-18.0,10
-9.0,-25.0,-25.0,-1.0,0.0,-22.0,8.0,-13.0,-17.0,10
-9.0,-24.0,-23.0,0.0,0.0,-22.0,8.0,-12.0,-16.0,10
-9.0,-24.0,-23.0,0.0,0.0,-22.0,8.0,-15.0,-16.0,10
-9.0,-24.0,-23.0,0.0,0.0,-22.0,7.0,-15.0,-18.0,10
-9.0,-24.0,-23.0,0.0,0.0,-22.0,6.0,-15.0,-18.0,10
-10.0,-24.0,-23.0,0.0,0.0,-22.0,6.0,-15.0,-18.0,10
-9.0,-24.0,-23.0,1.0,0.0,-20.0,6.0,-13.0,-16.0,10
-8.0,-24.0,-23.0,1.0,0.0,-19.0,7.0,-12.0,-16.0,10
-8.0,-23.0,-23.0,1.0,0.0,-18.0,8.0,-10.0,-15.0,10
-7.0,-23.0,-23.0,1.0,1.0,-18.0,8.0,-9.0,-15.0,10
-8.0,-22.0,-23.0,0.0,0.0,-18.0,8.0,-10.0,-14.0,10
-9.0,-22.0,-23.0,-2.0,0.0,-18.0,8.0,-10.0,-15.0,10
-9.0,-22.0,-23.0,-2.0,0.0,-18.0,7.0,-10.0,-16.0,10
-9.0,-22.0,-24.0,-2.0,0.0,-18.0,6.0,-12.0,-16.0,10
-9.0,-22.0,-24.0,-2.0,-1.0,-18.0,6.0,-12.0,-18.0,10
-34.0,-56.0,-30.0,-27.0,-5.0,-62.0,11.0,-26.0,-27.0,0
-34.0,-56.0,-30.0,-27.0,-5.0,-62.0,10.0,-26.0,-27.0,0
-34.0,-56.0,-30.0,-27.0,-5.0,-62.0,9.0,-26.0,-28.0,0
-32.0,-55.0,-28.0,-26.0,-5.0,-61.0,9.0,-23.0,-27.0,0
-28.0,-46.0,-28.0,-16.0,-5.0,-38.0,9.0,-20.0,-27.0,0
-32.0,-50.0,-26.0,-3.0,-5.0,-33.0,12.0,-21.0,-26.0,0
-37.0,-55.0,-30.0,-3.0,-5.0,-35.0,12.0,-22.0,-26.0,0
-37.0,-56.0,-30.0,-7.0,-8.0,-38.0,12.0,-23.0,-26.0,0
-40.0,-57.0,-31.0,-7.0,-8.0,-40.0,12.0,-27.0,-26.0,0
-40.0,-57.0,-30.0,-6.0,-5.0,-40.0,12.0,-27.0,-26.0,0
-40.0,-57.0,-30.0,-6.0,-5.0,-40.0,14.0,-27.0,-26.0,0
-40.0,-57.0,-30.0,-6.0,-5.0,-40.0,16.0,-27.0,-25.0,0
-39.0,-57.0,-30.0,-6.0,-4.0,-40.0,16.0,-27.0,-25.0,0
-37.0,-59.0,-32.0,-6.0,-3.0,-47.0,14.0,-30.0,-28.0,0
-39.0,-59.0,-34.0,-7.0,-3.0,-48.0,14.0,-30.0,-28.0,0
-40.0,-59.0,-34.0,-7.0,-5.0,-48.0,14.0,-30.0,-31.0,0
-40.0,-61.0,-37.0,-9.0,-5.0,-50.0,14.0,-32.0,-32.0,0
-40.0,-61.0,-36.0,-9.0,-3.0,-50.0,16.0,-31.0,-31.0,0
-40.0,-60.0,-36.0,-9.0,-2.0,-48.0,16.0,-31.0,-31.0,0
-40.0,-60.0,-36.0,-9.0,-2.0,-48.0,17.0,-31.0,-30.0,0
-40.0,-60.0,-36.0,-8.0,-2.0,-48.0,18.0,-31.0,-30.0,0
-40.0,-60.0,-36.0,-8.0,-2.0,-49.0,18.0,-32.0,-29.0,0
-42.0,-60.0,-37.0,-9.0,-2.0,-49.0,17.0,-32.0,-29.0,0
-43.0,-62.0,-38.0,-9.0,-2.0,-49.0,17.0,-32.0,-30.0,0
-43.0,-62.0,-39.0,-9.0,-3.0,-50.0,17.0,-32.0,-31.0,0
-43.0,-62.0,-39.0,-10.0,-3.0,-50.0,17.0,-32.0,-31.0,0
-42.0,-61.0,-39.0,-9.0,-3.0,-50.0,17.0,-32.0,-31.0,0
-42.0,-61.0,-38.0,-9.0,-3.0,-50.0,17.0,-32.0,-31.0,0
-40.0,-61.0,-38.0,-9.0,-3.0,-50.0,18.0,-31.0,-31.0,0
-40.0,-61.0,-38.0,-9.0,-3.0,-50.0,18.0,-31.0,-31.0,0
-40.0,-62.0,-39.0,-9.0,-5.0,-50.0,17.0,-30.0,-31.0,0
-40.0,-62.0,-40.0,-9.0,-5.0,-50.0,17.0,-32.0,-31.0,0
-43.0,-62.0,-40.0,-9.0,-5.0,-50.0,17.0,-32.0,-31.0,0
-43.0,-64.0,-40.0,-9.0,-5.0,-50.0,17.0,-32.0,-31.0,0
-43.0,-64.0,-40.0,-9.0,-5.0,-51.0,17.0,-35.0,-31.0,0
-43.0,-64.0,-40.0,-8.0,-5.0,-51.0,17.0,-32.0,-31.0,0
-42.0,-64.0,-40.0,-8.0,-5.0,-50.0,17.0,-32.0,-31.0,0
-40.0,-64.0,-39.0,-5.0,-5.0,-50.0,18.0,-32.0,-31.0,0
-40.0,-62.0,-39.0,-4.0,-5.0,-50.0,19.0,-31.0,-31.0,0
-40.0,-64.0,-39.0,-2.0,-4.0,-49.0,21.0,-31.0,-33.0,0
-40.0,-64.0,-40.0,-2.0,-4.0,-49.0,20.0,-31.0,-33.0,0
-40.0,-64.0,-40.0,-5.0,-4.0,-49.0,20.0,-31.0,-33.0,0
-40.0,-64.0,-40.0,-5.0,-4.0,-49.0,20.0,-31.0,-33.0,0
-40.0,-64.0,-40.0,-5.0,-5.0,-49.0,19.0,-31.0,-33.0,0
-40.0,-62.0,-40.0,-2.0,-4.0,-49.0,20.0,-30.0,-33.0,0
-37.0,-61.0,-39.0,-2.0,-4.0,-48.0,20.0,-30.0,-33.0,0
-35.0,-56.0,-39.0,-2.0,-4.0,-47.0,21.0,-26.0,-31.0,0
-35.0,-53.0,-39.0,-2.0,-2.0,-43.0,21.0,-26.0,-31.0,0
-31.0,-50.0,-39.0,-2.0,-4.0,-41.0,23.0,-24.0,-31.0,0
-31.0,-50.0,-39.0,-2.0,-4.0,-41.0,23.0,-24.0,-31.0,0
-44.0,-71.0,-84.0,-113.0,9.0,-162.0,54.0,-25.0,-53.0,1
-44.0,-74.0,-86.0,-115.0,9.0,-165.0,54.0,-25.0,-54.0,1
-44.0,-76.0,-87.0,-124.0,9.0,-174.0,53.0,-25.0,-54.0,1
-44.0,-77.0,-87.0,-125.0,8.0,-175.0,53.0,-26.0,-54.0,1
-44.0,-77.0,-86.0,-125.0,8.0,-175.0,54.0,-26.0,-54.0,1
-44.0,-77.0,-86.0,-125.0,9.0,-175.0,54.0,-26.0,-53.0,1
-44.0,-76.0,-84.0,-125.0,9.0,-175.0,54.0,-25.0,-52.0,1
-44.0,-76.0,-84.0,-125.0,9.0,-175.0,55.0,-25.0,-52.0,1
-47.0,-75.0,-84.0,-132.0,7.0,-175.0,54.0,-25.0,-52.0,1
-48.0,-75.0,-86.0,-137.0,5.0,-176.0,54.0,-25.0,-52.0,1
-48.0,-75.0,-88.0,-138.0,5.0,-177.0,53.0,-25.0,-54.0,1
-48.0,-79.0,-88.0,-141.0,5.0,-177.0,53.0,-25.0,-54.0,1
-49.0,-79.0,-88.0,-145.0,5.0,-177.0,53.0,-25.0,-54.0,1
-49.0,-75.0,-88.0,-141.0,5.0,-177.0,53.0,-25.0,-52.0,1
-49.0,-75.0,-87.0,-141.0,5.0,-177.0,54.0,-25.0,-49.0,1
-49.0,-75.0,-87.0,-141.0,5.0,-177.0,54.0,-25.0,-49.0,1
-49.0,-75.0,-86.0,-141.0,6.0,-177.0,54.0,-25.0,-48.0,1
-49.0,-82.0,-87.0,-142.0,5.0,-180.0,54.0,-25.0,-49.0,1
-52.0,-83.0,-89.0,-146.0,5.0,-181.0,54.0,-27.0,-49.0,1
-55.0,-83.0,-89.0,-148.0,5.0,-182.0,54.0,-28.0,-49.0,1
-57.0,-83.0,-89.0,-148.0,5.0,-186.0,54.0,-29.0,-50.0,1
-57.0,-83.0,-91.0,-149.0,5.0,-186.0,54.0,-29.0,-50.0,1
-57.0,-83.0,-89.0,-149.0,5.0,-182.0,54.0,-28.0,-49.0,1
-55.0,-83.0,-89.0,-149.0,5.0,-182.0,54.0,-27.0,-48.0,1
-53.0,-83.0,-89.0,-149.0,5.0,-181.0,56.0,-27.0,-48.0,1
-53.0,-82.0,-89.0,-149.0,6.0,-181.0,56.0,-27.0,-48.0,1
-57.0,-83.0,-89.0,-150.0,5.0,-182.0,56.0,-26.0,-47.0,1
-57.0,-83.0,-91.0,-150.0,5.0,-187.0,54.0,-27.0,-47.0,1
-57.0,-83.0,-92.0,-153.0,5.0,-189.0,53.0,-27.0,-47.0,1
-57.0,-83.0,-93.0,-153.0,5.0,-189.0,53.0,-28.0,-47.0,1
-57.0,-83.0,-94.0,-153.0,5.0,-189.0,53.0,-28.0,-49.0,1
-57.0,-79.0,-93.0,-150.0,5.0,-189.0,53.0,-28.0,-47.0,1
-57.0,-79.0,-92.0,-150.0,6.0,-187.0,54.0,-28.0,-46.0,1
-56.0,-79.0,-91.0,-150.0,6.0,-183.0,54.0,-28.0,-46.0,1
-55.0,-79.0,-91.0,-150.0,6.0,-183.0,54.0,-28.0,-46.0,1
-56.0,-78.0,-89.0,-151.0,7.0,-182.0,54.0,-28.0,-45.0,1
-57.0,-79.0,-89.0,-154.0,7.0,-184.0,54.0,-28.0,-46.0,1
-59.0,-82.0,-91.0,-155.0,6.0,-187.0,53.0,-28.0,-46.0,1
-59.0,-82.0,-91.0,-156.0,4.0,-188.0,53.0,-28.0,-46.0,1
-59.0,-83.0,-91.0,-158.0,3.0,-189.0,53.0,-28.0,-47.0,1
-59.0,-82.0,-89.0,-158.0,3.0,-189.0,53.0,-28.0,-47.0,1
-59.0,-82.0,-89.0,-158.0,3.0,-188.0,53.0,-28.0,-46.0,1
-59.0,-82.0,-88.0,-158.0,3.0,-187.0,53.0,-28.0,-45.0,1
-58.0,-81.0,-87.0,-158.0,3.0,-187.0,53.0,-27.0,-44.0,1
-59.0,-82.0,-88.0,-168.0,1.0,-187.0,53.0,-27.0,-44.0,1
-59.0,-83.0,-91.0,-171.0,-1.0,-189.0,53.0,-28.0,-44.0,1
-59.0,-83.0,-91.0,-171.0,-1.0,-189.0,53.0,-28.0,-45.0,1
-59.0,-83.0,-91.0,-173.0,-1.0,-189.0,53.0,-28.0,-45.0,1
-60.0,-83.0,-91.0,-173.0,-1.0,-189.0,52.0,-28.0,-45.0,1
-60.0,-83.0,-91.0,-171.0,-1.0,-189.0,53.0,-28.0,-45.0,1
-7.0,-19.0,-93.0,-130.0,-13.0,-156.0,60.0,32.0,-85.0,2
-9.0,-22.0,-94.0,-132.0,-13.0,-157.0,60.0,32.0,-86.0,2
-13.0,-22.0,-95.0,-133.0,-13.0,-169.0,59.0,31.0,-86.0,2
-14.0,-24.0,-95.0,-137.0,-13.0,-169.0,59.0,31.0,-88.0,2
-13.0,-24.0,-95.0,-137.0,-13.0,-169.0,59.0,32.0,-88.0,2
-12.0,-22.0,-95.0,-137.0,-13.0,-169.0,59.0,32.0,-88.0,2
-12.0,-22.0,-95.0,-137.0,-13.0,-169.0,60.0,34.0,-88.0,2
-12.0,-22.0,-95.0,-137.0,-13.0,-169.0,61.0,34.0,-88.0,2
-16.0,-24.0,-99.0,-152.0,-14.0,-176.0,61.0,34.0,-90.0,2
-17.0,-25.0,-100.0,-156.0,-15.0,-177.0,60.0,32.0,-91.0,2
-17.0,-27.0,-101.0,-157.0,-15.0,-182.0,60.0,31.0,-92.0,2
-17.0,-27.0,-104.0,-158.0,-15.0,-185.0,59.0,30.0,-92.0,2
-19.0,-28.0,-107.0,-159.0,-15.0,-185.0,58.0,27.0,-92.0,2
-19.0,-28.0,-107.0,-159.0,-15.0,-185.0,59.0,27.0,-91.0,2
-19.0,-28.0,-107.0,-159.0,-14.0,-185.0,60.0,27.0,-91.0,2
-19.0,-28.0,-107.0,-159.0,-10.0,-185.0,60.0,27.0,-91.0,2
-19.0,-28.0,-107.0,-159.0,-9.0,-185.0,60.0,27.0,-90.0,2
-27.0,-33.0,-111.0,-168.0,-5.0,-196.0,61.0,22.0,-89.0,2
-29.0,-36.0,-115.0,-170.0,-5.0,-197.0,61.0,22.0,-91.0,2
-31.0,-37.0,-116.0,-170.0,-7.0,-197.0,61.0,22.0,-91.0,2
-31.0,-37.0,-117.0,-171.0,-7.0,-197.0,61.0,22.0,-91.0,2
-31.0,-37.0,-117.0,-171.0,-7.0,-198.0,61.0,22.0,-91.0,2
-31.0,-36.0,-117.0,-171.0,-5.0,-198.0,63.0,22.0,-90.0,2
-31.0,-36.0,-117.0,-171.0,-4.0,-198.0,64.0,22.0,-90.0,2
-31.0,-36.0,-117.0,-171.0,-3.0,-198.0,65.0,22.0,-89.0,2
-31.0,-36.0,-117.0,-171.0,-3.0,-198.0,68.0,22.0,-89.0,2
-34.0,-37.0,-117.0,-174.0,-3.0,-202.0,68.0,20.0,-87.0,2
-34.0,-38.0,-119.0,-175.0,-3.0,-203.0,66.0,19.0,-87.0,2
-36.0,-38.0,-119.0,-177.0,-3.0,-205.0,65.0,15.0,-87.0,2
-37.0,-40.0,-121.0,-177.0,-3.0,-205.0,65.0,14.0,-88.0,2
-37.0,-40.0,-121.0,-177.0,-3.0,-206.0,63.0,13.0,-89.0,2
-37.0,-40.0,-121.0,-177.0,-2.0,-206.0,65.0,13.0,-88.0,2
-37.0,-40.0,-121.0,-177.0,1.0,-206.0,66.0,13.0,-87.0,2
-37.0,-40.0,-121.0,-177.0,3.0,-206.0,66.0,13.0,-87.0,2
-37.0,-38.0,-121.0,-177.0,3.0,-206.0,67.0,14.0,-86.0,2
-37.0,-38.0,-122.0,-179.0,2.0,-210.0,68.0,15.0,-87.0,2
-37.0,-40.0,-123.0,-180.0,2.0,-212.0,66.0,15.0,-87.0,2
-37.0,-40.0,-123.0,-183.0,1.0,-213.0,66.0,15.0,-87.0,2
-37.0,-40.0,-125.0,-184.0,-2.0,-215.0,66.0,15.0,-89.0,2
-37.0,-40.0,-126.0,-184.0,-2.0,-220.0,66.0,13.0,-89.0,2
-37.0,-40.0,-126.0,-184.0,-2.0,-220.0,66.0,14.0,-89.0,2
-37.0,-40.0,-126.0,-184.0,1.0,-220.0,66.0,14.0,-87.0,2
-36.0,-40.0,-126.0,-183.0,2.0,-220.0,66.0,15.0,-87.0,2
-36.0,-38.0,-126.0,-183.0,2.0,-220.0,66.0,15.0,-87.0,2
-36.0,-40.0,-129.0,-181.0,2.0,-220.0,65.0,15.0,-87.0,2
-37.0,-41.0,-129.0,-182.0,0.0,-222.0,63.0,13.0,-87.0,2
-37.0,-41.0,-130.0,-183.0,0.0,-222.0,63.0,13.0,-90.0,2
-37.0,-41.0,-130.0,-183.0,-2.0,-222.0,63.0,10.0,-90.0,2
-43.0,-42.0,-133.0,-184.0,-2.0,-224.0,63.0,7.0,-90.0,2
-41.0,-42.0,-133.0,-184.0,-2.0,-222.0,63.0,10.0,-90.0,2
-10.0,-2.0,22.0,-141.0,-86.0,8.0,16.0,58.0,-110.0,3
-10.0,-2.0,22.0,-140.0,-82.0,8.0,17.0,58.0,-108.0,3
-10.0,-2.0,22.0,-140.0,-79.0,8.0,20.0,58.0,-108.0,3
-9.0,-3.0,19.0,-141.0,-82.0,0.0,17.0,59.0,-108.0,3
-9.0,-3.0,18.0,-141.0,-83.0,-2.0,17.0,59.0,-110.0,3
-9.0,-3.0,17.0,-141.0,-83.0,-3.0,15.0,59.0,-111.0,3
-9.0,-3.0,17.0,-145.0,-89.0,-4.0,14.0,59.0,-113.0,3
-9.0,-3.0,17.0,-145.0,-89.0,-8.0,14.0,59.0,-120.0,3
-8.0,-3.0,17.0,-145.0,-89.0,-8.0,15.0,60.0,-120.0,3
-4.0,0.0,17.0,-145.0,-89.0,-8.0,17.0,62.0,-120.0,3
-4.0,3.0,17.0,-145.0,-89.0,-8.0,17.0,63.0,-120.0,3
-4.0,4.0,17.0,-144.0,-89.0,-8.0,17.0,69.0,-120.0,3
0.0,6.0,18.0,-145.0,-92.0,-9.0,15.0,69.0,-123.0,3
0.0,3.0,18.0,-145.0,-92.0,-9.0,15.0,68.0,-124.0,3
-3.0,3.0,17.0,-145.0,-92.0,-11.0,15.0,68.0,-126.0,3
-3.0,3.0,14.0,-145.0,-92.0,-13.0,15.0,66.0,-127.0,3
-3.0,3.0,14.0,-145.0,-92.0,-13.0,15.0,63.0,-127.0,3
0.0,3.0,14.0,-142.0,-87.0,-13.0,17.0,63.0,-127.0,3
3.0,3.0,14.0,-140.0,-87.0,-13.0,18.0,66.0,-127.0,3
3.0,5.0,14.0,-137.0,-84.0,-13.0,18.0,66.0,-127.0,3
3.0,5.0,14.0,-133.0,-83.0,-13.0,19.0,68.0,-127.0,3
4.0,5.0,12.0,-133.0,-83.0,-13.0,19.0,69.0,-128.0,3
3.0,4.0,10.0,-133.0,-83.0,-16.0,19.0,66.0,-129.0,3
3.0,3.0,8.0,-133.0,-83.0,-16.0,19.0,66.0,-135.0,3
3.0,3.0,8.0,-133.0,-83.0,-16.0,19.0,66.0,-135.0,3
3.0,3.0,8.0,-133.0,-83.0,-20.0,19.0,66.0,-137.0,3
4.0,3.0,8.0,-133.0,-83.0,-18.0,20.0,68.0,-137.0,3
5.0,4.0,8.0,-131.0,-83.0,-18.0,20.0,68.0,-137.0,3
5.0,5.0,8.0,-131.0,-82.0,-18.0,21.0,69.0,-137.0,3
9.0,5.0,8.0,-130.0,-82.0,-18.0,22.0,69.0,-137.0,3
10.0,11.0,7.0,-130.0,-82.0,-22.0,26.0,69.0,-137.0,3
7.0,6.0,6.0,-130.0,-82.0,-24.0,26.0,69.0,-138.0,3
7.0,6.0,6.0,-130.0,-82.0,-24.0,23.0,68.0,-138.0,3
5.0,5.0,4.0,-130.0,-82.0,-27.0,23.0,68.0,-139.0,3
5.0,5.0,4.0,-130.0,-82.0,-30.0,23.0,63.0,-139.0,3
5.0,5.0,4.0,-128.0,-81.0,-30.0,26.0,63.0,-139.0,3
5.0,5.0,4.0,-124.0,-80.0,-30.0,28.0,64.0,-139.0,3
6.0,5.0,4.0,-118.0,-78.0,-30.0,30.0,68.0,-139.0,3
6.0,5.0,4.0,-117.0,-74.0,-30.0,33.0,68.0,-139.0,3
7.0,5.0,1.0,-117.0,-72.0,-35.0,34.0,68.0,-145.0,3
7.0,5.0,1.0,-117.0,-78.0,-35.0,32.0,68.0,-146.0,3
7.0,5.0,0.0,-118.0,-78.0,-35.0,32.0,68.0,-146.0,3
7.0,5.0,0.0,-121.0,-78.0,-35.0,32.0,68.0,-146.0,3
7.0,5.0,-2.0,-121.0,-78.0,-36.0,32.0,68.0,-146.0,3
8.0,5.0,-2.0,-119.0,-78.0,-36.0,32.0,68.0,-146.0,3
8.0,5.0,0.0,-118.0,-77.0,-35.0,33.0,68.0,-146.0,3
9.0,6.0,0.0,-117.0,-76.0,-35.0,34.0,68.0,-146.0,3
9.0,6.0,0.0,-117.0,-75.0,-35.0,34.0,68.0,-146.0,3
9.0,6.0,-3.0,-116.0,-76.0,-35.0,32.0,69.0,-148.0,3
9.0,6.0,-3.0,-116.0,-76.0,-38.0,32.0,68.0,-151.0,3
-86.0,-78.0,-93.0,-338.0,-38.0,-215.0,69.0,-43.0,-60.0,4
-86.0,-78.0,-93.0,-343.0,-38.0,-215.0,69.0,-43.0,-62.0,4
-86.0,-79.0,-93.0,-343.0,-39.0,-216.0,69.0,-43.0,-64.0,4
-86.0,-79.0,-96.0,-346.0,-40.0,-216.0,64.0,-43.0,-64.0,4
-86.0,-79.0,-96.0,-346.0,-40.0,-221.0,64.0,-43.0,-66.0,4
-86.0,-78.0,-93.0,-346.0,-40.0,-218.0,64.0,-41.0,-66.0,4
-82.0,-76.0,-92.0,-346.0,-40.0,-218.0,64.0,-40.0,-66.0,4
-82.0,-76.0,-91.0,-346.0,-40.0,-218.0,64.0,-39.0,-64.0,4
-82.0,-76.0,-91.0,-346.0,-40.0,-218.0,64.0,-35.0,-64.0,4
-78.0,-75.0,-90.0,-351.0,-42.0,-220.0,63.0,-34.0,-66.0,4
-78.0,-75.0,-90.0,-353.0,-47.0,-220.0,62.0,-34.0,-66.0,4
-78.0,-75.0,-90.0,-353.0,-49.0,-220.0,62.0,-39.0,-66.0,4
-82.0,-80.0,-90.0,-356.0,-49.0,-220.0,62.0,-39.0,-66.0,4
-85.0,-80.0,-91.0,-358.0,-49.0,-220.0,62.0,-39.0,-66.0,4
-85.0,-80.0,-90.0,-358.0,-47.0,-220.0,62.0,-39.0,-66.0,4
-82.0,-80.0,-89.0,-358.0,-47.0,-220.0,62.0,-39.0,-65.0,4
-82.0,-80.0,-88.0,-358.0,-46.0,-220.0,62.0,-39.0,-65.0,4
-82.0,-80.0,-88.0,-358.0,-43.0,-220.0,62.0,-39.0,-65.0,4
-86.0,-85.0,-87.0,-364.0,-45.0,-222.0,62.0,-35.0,-66.0,4
-88.0,-86.0,-87.0,-374.0,-45.0,-222.0,61.0,-42.0,-66.0,4
-88.0,-88.0,-87.0,-381.0,-45.0,-222.0,59.0,-42.0,-66.0,4
-88.0,-88.0,-87.0,-384.0,-46.0,-222.0,59.0,-43.0,-66.0,4
-88.0,-92.0,-87.0,-385.0,-46.0,-222.0,59.0,-43.0,-68.0,4
-86.0,-88.0,-86.0,-385.0,-45.0,-222.0,59.0,-42.0,-66.0,4
-86.0,-88.0,-84.0,-385.0,-44.0,-222.0,59.0,-41.0,-66.0,4
-86.0,-88.0,-82.0,-385.0,-43.0,-222.0,59.0,-40.0,-66.0,4
-86.0,-88.0,-82.0,-385.0,-42.0,-221.0,59.0,-40.0,-66.0,4
-88.0,-94.0,-80.0,-389.0,-42.0,-221.0,57.0,-40.0,-66.0,4
-90.0,-94.0,-82.0,-390.0,-42.0,-221.0,57.0,-42.0,-66.0,4
-90.0,-94.0,-84.0,-390.0,-42.0,-221.0,57.0,-42.0,-66.0,4
-91.0,-95.0,-84.0,-391.0,-42.0,-221.0,57.0,-43.0,-66.0,4
-91.0,-96.0,-84.0,-391.0,-43.0,-221.0,56.0,-43.0,-68.0,4
-90.0,-95.0,-84.0,-391.0,-42.0,-221.0,57.0,-43.0,-66.0,4
-90.0,-95.0,-82.0,-391.0,-40.0,-220.0,57.0,-43.0,-66.0,4
-90.0,-95.0,-80.0,-391.0,-39.0,-220.0,57.0,-42.0,-65.0,4
-90.0,-95.0,-80.0,-391.0,-39.0,-220.0,57.0,-42.0,-62.0,4
-91.0,-95.0,-79.0,-401.0,-38.0,-221.0,56.0,-43.0,-62.0,4
-91.0,-98.0,-80.0,-404.0,-39.0,-221.0,56.0,-45.0,-65.0,4
-91.0,-98.0,-80.0,-404.0,-39.0,-222.0,56.0,-45.0,-65.0,4
-91.0,-98.0,-80.0,-405.0,-39.0,-222.0,54.0,-46.0,-66.0,4
-94.0,-99.0,-80.0,-407.0,-41.0,-223.0,54.0,-46.0,-66.0,4
-91.0,-99.0,-79.0,-407.0,-40.0,-223.0,54.0,-45.0,-66.0,4
-88.0,-98.0,-79.0,-405.0,-39.0,-223.0,54.0,-45.0,-65.0,4
-88.0,-97.0,-79.0,-405.0,-39.0,-222.0,55.0,-43.0,-65.0,4
-85.0,-95.0,-78.0,-404.0,-38.0,-221.0,55.0,-42.0,-65.0,4
-82.0,-92.0,-79.0,-404.0,-39.0,-222.0,54.0,-40.0,-66.0,4
-82.0,-92.0,-79.0,-404.0,-40.0,-222.0,54.0,-40.0,-66.0,4
-82.0,-92.0,-80.0,-404.0,-42.0,-224.0,54.0,-40.0,-69.0,4
-72.0,-85.0,-81.0,-393.0,-43.0,-224.0,51.0,-33.0,-69.0,4
-71.0,-85.0,-80.0,-393.0,-43.0,-222.0,54.0,-32.0,-69.0,4
40.0,-27.0,24.0,-150.0,-9.0,-74.0,64.0,-3.0,-42.0,5
40.0,-27.0,23.0,-150.0,-9.0,-74.0,63.0,-3.0,-42.0,5
37.0,-27.0,23.0,-150.0,-9.0,-74.0,63.0,-5.0,-42.0,5
37.0,-26.0,23.0,-149.0,-8.0,-67.0,64.0,-3.0,-42.0,5
38.0,-26.0,24.0,-146.0,-5.0,-65.0,64.0,-3.0,-42.0,5
38.0,-25.0,25.0,-144.0,-5.0,-63.0,64.0,-2.0,-42.0,5
38.0,-24.0,27.0,-144.0,-5.0,-59.0,65.0,-2.0,-42.0,5
35.0,-25.0,27.0,-144.0,-5.0,-57.0,65.0,-2.0,-42.0,5
35.0,-26.0,27.0,-148.0,-7.0,-61.0,65.0,-2.0,-42.0,5
32.0,-27.0,25.0,-148.0,-8.0,-63.0,65.0,-4.0,-42.0,5
32.0,-28.0,25.0,-149.0,-8.0,-64.0,65.0,-4.0,-42.0,5
31.0,-28.0,23.0,-152.0,-8.0,-64.0,65.0,-5.0,-42.0,5
31.0,-27.0,25.0,-152.0,-8.0,-64.0,66.0,-5.0,-42.0,5
32.0,-27.0,27.0,-152.0,-8.0,-64.0,66.0,-5.0,-42.0,5
32.0,-27.0,27.0,-152.0,-8.0,-64.0,66.0,-5.0,-41.0,5
32.0,-27.0,27.0,-152.0,-7.0,-64.0,66.0,-5.0,-41.0,5
31.0,-28.0,27.0,-159.0,-8.0,-65.0,64.0,-7.0,-42.0,5
30.0,-30.0,25.0,-161.0,-9.0,-71.0,64.0,-8.0,-42.0,5
28.0,-33.0,23.0,-161.0,-9.0,-71.0,61.0,-8.0,-42.0,5
28.0,-33.0,23.0,-163.0,-11.0,-71.0,61.0,-8.0,-42.0,5
28.0,-33.0,23.0,-164.0,-11.0,-71.0,60.0,-8.0,-43.0,5
28.0,-33.0,23.0,-164.0,-11.0,-71.0,60.0,-8.0,-43.0,5
29.0,-33.0,23.0,-163.0,-11.0,-71.0,60.0,-7.0,-43.0,5
27.0,-34.0,24.0,-168.0,-16.0,-71.0,60.0,-5.0,-43.0,5
27.0,-34.0,24.0,-165.0,-15.0,-71.0,61.0,-5.0,-42.0,5
27.0,-34.0,24.0,-164.0,-12.0,-65.0,61.0,-3.0,-42.0,5
27.0,-33.0,25.0,-163.0,-12.0,-62.0,62.0,-3.0,-40.0,5
27.0,-32.0,25.0,-161.0,-12.0,-62.0,64.0,-3.0,-40.0,5
27.0,-31.0,25.0,-159.0,-11.0,-61.0,64.0,-3.0,-40.0,5
27.0,-33.0,25.0,-159.0,-11.0,-64.0,64.0,-7.0,-40.0,5
22.0,-33.0,25.0,-159.0,-11.0,-64.0,64.0,-7.0,-41.0,5
22.0,-33.0,25.0,-162.0,-12.0,-65.0,62.0,-8.0,-42.0,5
21.0,-33.0,25.0,-162.0,-12.0,-66.0,62.0,-8.0,-42.0,5
22.0,-33.0,25.0,-159.0,-11.0,-66.0,63.0,-7.0,-41.0,5
23.0,-33.0,26.0,-159.0,-11.0,-66.0,63.0,-6.0,-40.0,5
27.0,-33.0,26.0,-159.0,-11.0,-66.0,63.0,-5.0,-40.0,5
27.0,-31.0,27.0,-159.0,-11.0,-65.0,64.0,-3.0,-40.0,5
27.0,-30.0,27.0,-159.0,-13.0,-65.0,63.0,-3.0,-40.0,5
20.0,-34.0,25.0,-166.0,-14.0,-67.0,62.0,-7.0,-40.0,5
22.0,-33.0,25.0,-165.0,-14.0,-67.0,63.0,-6.0,-40.0,5
25.0,-33.0,25.0,-165.0,-13.0,-67.0,63.0,-5.0,-40.0,5
25.0,-33.0,26.0,-164.0,-13.0,-67.0,63.0,-5.0,-40.0,5
27.0,-33.0,25.0,-162.0,-12.0,-67.0,64.0,-3.0,-43.0,5
25.0,-33.0,25.0,-162.0,-12.0,-68.0,59.0,-3.0,-44.0,5
23.0,-33.0,24.0,-162.0,-12.0,-68.0,59.0,-4.0,-44.0,5
25.0,-33.0,24.0,-162.0,-12.0,-67.0,59.0,-4.0,-43.0,5
25.0,-33.0,24.0,-159.0,-12.0,-67.0,60.0,-4.0,-43.0,5
25.0,-32.0,24.0,-159.0,-12.0,-67.0,60.0,-3.0,-42.0,5
27.0,-31.0,24.0,-155.0,-12.0,-67.0,61.0,-3.0,-42.0,5
27.0,-30.0,25.0,-159.0,-14.0,-65.0,60.0,-3.0,-44.0,5
-51.0,-67.0,-32.0,-274.0,-44.0,-149.0,25.0,-40.0,-72.0,6
-50.0,-66.0,-32.0,-267.0,-44.0,-148.0,25.0,-37.0,-72.0,6
-49.0,-65.0,-32.0,-267.0,-42.0,-148.0,25.0,-37.0,-72.0,6
-48.0,-65.0,-31.0,-267.0,-40.0,-148.0,27.0,-35.0,-72.0,6
-47.0,-65.0,-32.0,-266.0,-39.0,-149.0,27.0,-34.0,-72.0,6
-47.0,-65.0,-33.0,-266.0,-42.0,-149.0,27.0,-34.0,-72.0,6
-47.0,-65.0,-33.0,-267.0,-42.0,-150.0,25.0,-34.0,-72.0,6
-48.0,-65.0,-33.0,-268.0,-42.0,-151.0,25.0,-37.0,-73.0,6
-48.0,-65.0,-35.0,-268.0,-42.0,-154.0,25.0,-37.0,-74.0,6
-47.0,-65.0,-35.0,-268.0,-39.0,-154.0,25.0,-34.0,-73.0,6
-47.0,-65.0,-34.0,-268.0,-39.0,-154.0,27.0,-34.0,-72.0,6
-47.0,-65.0,-33.0,-268.0,-36.0,-154.0,27.0,-34.0,-72.0,6
-47.0,-65.0,-33.0,-268.0,-36.0,-154.0,27.0,-34.0,-72.0,6
-53.0,-68.0,-33.0,-274.0,-36.0,-151.0,30.0,-40.0,-70.0,6
-55.0,-70.0,-33.0,-274.0,-36.0,-151.0,30.0,-42.0,-70.0,6
-57.0,-72.0,-33.0,-277.0,-36.0,-151.0,30.0,-42.0,-70.0,6
-57.0,-72.0,-33.0,-281.0,-36.0,-157.0,30.0,-43.0,-70.0,6
-58.0,-72.0,-33.0,-281.0,-34.0,-158.0,28.0,-42.0,-67.0,6
-57.0,-70.0,-33.0,-280.0,-34.0,-158.0,28.0,-42.0,-67.0,6
-57.0,-68.0,-33.0,-278.0,-34.0,-158.0,28.0,-40.0,-67.0,6
-56.0,-67.0,-37.0,-277.0,-38.0,-159.0,27.0,-38.0,-69.0,6
-56.0,-67.0,-37.0,-277.0,-40.0,-159.0,27.0,-38.0,-72.0,6
-56.0,-67.0,-38.0,-277.0,-40.0,-161.0,26.0,-38.0,-73.0,6
-56.0,-67.0,-38.0,-277.0,-40.0,-162.0,24.0,-38.0,-74.0,6
-56.0,-67.0,-38.0,-277.0,-40.0,-164.0,23.0,-38.0,-75.0,6
-54.0,-65.0,-38.0,-274.0,-40.0,-162.0,23.0,-38.0,-75.0,6
-47.0,-64.0,-38.0,-269.0,-40.0,-162.0,23.0,-34.0,-75.0,6
-54.0,-69.0,-44.0,-268.0,-43.0,-168.0,20.0,-40.0,-82.0,6
-54.0,-69.0,-45.0,-268.0,-47.0,-168.0,18.0,-41.0,-82.0,6
-52.0,-69.0,-45.0,-266.0,-47.0,-168.0,20.0,-41.0,-82.0,6
-50.0,-68.0,-45.0,-266.0,-44.0,-168.0,20.0,-40.0,-82.0,6
-50.0,-64.0,-45.0,-266.0,-44.0,-168.0,21.0,-39.0,-81.0,6
-50.0,-64.0,-45.0,-266.0,-43.0,-168.0,22.0,-36.0,-81.0,6
-52.0,-63.0,-45.0,-266.0,-44.0,-172.0,21.0,-36.0,-82.0,6
-52.0,-64.0,-45.0,-266.0,-44.0,-174.0,18.0,-39.0,-82.0,6
-54.0,-64.0,-47.0,-266.0,-44.0,-175.0,18.0,-41.0,-82.0,6
-54.0,-66.0,-47.0,-266.0,-45.0,-175.0,17.0,-41.0,-82.0,6
-54.0,-66.0,-47.0,-267.0,-46.0,-176.0,16.0,-41.0,-83.0,6
-54.0,-66.0,-47.0,-267.0,-46.0,-175.0,17.0,-41.0,-83.0,6
-53.0,-66.0,-47.0,-266.0,-46.0,-175.0,17.0,-41.0,-83.0,6
-53.0,-66.0,-47.0,-266.0,-45.0,-175.0,17.0,-41.0,-83.0,6
-53.0,-66.0,-47.0,-266.0,-45.0,-175.0,18.0,-41.0,-82.0,6
-54.0,-70.0,-48.0,-270.0,-44.0,-175.0,18.0,-47.0,-83.0,6
-64.0,-74.0,-49.0,-272.0,-44.0,-175.0,17.0,-47.0,-83.0,6
-64.0,-75.0,-49.0,-274.0,-45.0,-176.0,12.0,-50.0,-83.0,6
-64.0,-75.0,-50.0,-274.0,-47.0,-176.0,12.0,-50.0,-84.0,6
-64.0,-75.0,-52.0,-274.0,-50.0,-178.0,12.0,-50.0,-85.0,6
-64.0,-75.0,-52.0,-274.0,-47.0,-178.0,12.0,-50.0,-85.0,6
-64.0,-75.0,-50.0,-274.0,-47.0,-176.0,12.0,-50.0,-85.0,6
-63.0,-75.0,-49.0,-274.0,-47.0,-176.0,13.0,-50.0,-85.0,6
-19.0,-27.0,10.0,-271.0,-12.0,-124.0,75.0,29.0,-43.0,7
-19.0,-32.0,8.0,-277.0,-12.0,-127.0,75.0,27.0,-44.0,7
-19.0,-32.0,7.0,-281.0,-14.0,-129.0,75.0,27.0,-44.0,7
-20.0,-32.0,6.0,-282.0,-14.0,-132.0,73.0,24.0,-44.0,7
-24.0,-32.0,5.0,-282.0,-14.0,-132.0,73.0,24.0,-44.0,7
-21.0,-30.0,5.0,-282.0,-14.0,-132.0,73.0,26.0,-44.0,7
-21.0,-27.0,5.0,-282.0,-14.0,-131.0,73.0,27.0,-44.0,7
-20.0,-27.0,6.0,-282.0,-14.0,-131.0,73.0,27.0,-44.0,7
-19.0,-26.0,6.0,-282.0,-13.0,-130.0,73.0,27.0,-44.0,7
-19.0,-25.0,7.0,-282.0,-14.0,-130.0,71.0,27.0,-46.0,7
-19.0,-27.0,7.0,-282.0,-15.0,-130.0,70.0,27.0,-49.0,7
-20.0,-27.0,6.0,-282.0,-16.0,-130.0,70.0,26.0,-49.0,7
-24.0,-30.0,6.0,-283.0,-16.0,-130.0,70.0,26.0,-49.0,7
-20.0,-29.0,7.0,-283.0,-15.0,-130.0,71.0,26.0,-48.0,7
-24.0,-32.0,7.0,-286.0,-14.0,-132.0,71.0,24.0,-46.0,7
-26.0,-33.0,6.0,-286.0,-14.0,-134.0,71.0,22.0,-46.0,7
-27.0,-33.0,5.0,-289.0,-14.0,-135.0,71.0,21.0,-49.0,7
-28.0,-34.0,5.0,-290.0,-14.0,-135.0,70.0,18.0,-49.0,7
-31.0,-35.0,4.0,-290.0,-14.0,-136.0,70.0,18.0,-49.0,7
-28.0,-35.0,4.0,-289.0,-14.0,-136.0,70.0,18.0,-49.0,7
-28.0,-34.0,4.0,-288.0,-11.0,-136.0,71.0,18.0,-49.0,7
-29.0,-35.0,0.0,-286.0,-11.0,-135.0,69.0,16.0,-50.0,7
-31.0,-35.0,0.0,-286.0,-14.0,-135.0,68.0,14.0,-50.0,7
-31.0,-35.0,0.0,-287.0,-16.0,-140.0,68.0,14.0,-50.0,7
-31.0,-35.0,0.0,-287.0,-16.0,-142.0,68.0,14.0,-50.0,7
-31.0,-36.0,-2.0,-289.0,-16.0,-142.0,68.0,13.0,-50.0,7
-31.0,-35.0,0.0,-287.0,-16.0,-140.0,68.0,13.0,-50.0,7
-30.0,-35.0,0.0,-287.0,-16.0,-140.0,68.0,13.0,-50.0,7
-30.0,-35.0,0.0,-287.0,-16.0,-140.0,68.0,13.0,-50.0,7
-30.0,-34.0,0.0,-287.0,-16.0,-140.0,68.0,13.0,-50.0,7
-30.0,-35.0,0.0,-295.0,-16.0,-142.0,68.0,12.0,-51.0,7
-31.0,-35.0,0.0,-297.0,-16.0,-142.0,66.0,10.0,-51.0,7
-33.0,-35.0,-1.0,-298.0,-17.0,-142.0,66.0,9.0,-51.0,7
-33.0,-36.0,-3.0,-298.0,-20.0,-142.0,64.0,9.0,-52.0,7
-33.0,-36.0,-4.0,-298.0,-20.0,-142.0,64.0,9.0,-52.0,7
-31.0,-35.0,-3.0,-298.0,-20.0,-142.0,64.0,10.0,-51.0,7
-30.0,-35.0,-3.0,-298.0,-17.0,-141.0,64.0,12.0,-51.0,7
-30.0,-35.0,-3.0,-298.0,-17.0,-141.0,64.0,14.0,-51.0,7
-30.0,-35.0,-1.0,-298.0,-17.0,-141.0,65.0,14.0,-51.0,7
-30.0,-35.0,-3.0,-297.0,-20.0,-141.0,64.0,10.0,-51.0,7
-31.0,-35.0,-3.0,-297.0,-20.0,-142.0,64.0,9.0,-52.0,7
-32.0,-38.0,-4.0,-297.0,-20.0,-142.0,62.0,8.0,-52.0,7
-33.0,-38.0,-5.0,-299.0,-20.0,-143.0,61.0,7.0,-52.0,7
-34.0,-40.0,-5.0,-301.0,-20.0,-143.0,60.0,7.0,-53.0,7
-34.0,-38.0,-5.0,-300.0,-20.0,-143.0,60.0,7.0,-52.0,7
-34.0,-38.0,-4.0,-299.0,-20.0,-143.0,60.0,7.0,-52.0,7
-33.0,-38.0,-4.0,-299.0,-20.0,-143.0,60.0,7.0,-52.0,7
-33.0,-38.0,-4.0,-299.0,-18.0,-143.0,60.0,7.0,-52.0,7
-34.0,-38.0,-4.0,-298.0,-17.0,-143.0,56.0,0.0,-53.0,7
-34.0,-39.0,-5.0,-298.0,-19.0,-148.0,55.0,0.0,-55.0,7
-10.0,-1.0,50.0,-137.0,-38.0,-13.0,62.0,29.0,-91.0,8
-10.0,-1.0,48.0,-140.0,-40.0,-16.0,62.0,29.0,-92.0,8
-11.0,-1.0,48.0,-140.0,-42.0,-16.0,61.0,28.0,-97.0,8
-11.0,-1.0,48.0,-141.0,-42.0,-16.0,61.0,28.0,-97.0,8
-11.0,-1.0,48.0,-141.0,-40.0,-16.0,62.0,28.0,-97.0,8
-10.0,1.0,48.0,-141.0,-40.0,-15.0,63.0,29.0,-94.0,8
-10.0,2.0,48.0,-140.0,-40.0,-13.0,63.0,29.0,-92.0,8
-10.0,3.0,49.0,-140.0,-39.0,-13.0,65.0,29.0,-92.0,8
-8.0,4.0,49.0,-143.0,-38.0,-16.0,63.0,29.0,-91.0,8
-10.0,2.0,49.0,-145.0,-38.0,-17.0,63.0,28.0,-93.0,8
-10.0,0.0,48.0,-147.0,-40.0,-18.0,62.0,28.0,-97.0,8
-10.0,1.0,49.0,-147.0,-38.0,-17.0,62.0,28.0,-94.0,8
-8.0,2.0,49.0,-146.0,-38.0,-17.0,62.0,29.0,-94.0,8
-8.0,2.0,50.0,-145.0,-38.0,-16.0,62.0,31.0,-94.0,8
-4.0,4.0,50.0,-144.0,-38.0,-16.0,63.0,32.0,-94.0,8
-9.0,5.0,42.0,-140.0,-40.0,-18.0,63.0,27.0,-101.0,8
-9.0,5.0,41.0,-140.0,-40.0,-18.0,63.0,26.0,-101.0,8
-9.0,5.0,42.0,-139.0,-36.0,-18.0,66.0,27.0,-100.0,8
-9.0,5.0,43.0,-139.0,-32.0,-18.0,66.0,27.0,-96.0,8
-14.0,-2.0,40.0,-142.0,-31.0,-22.0,68.0,22.0,-93.0,8
-16.0,-2.0,39.0,-143.0,-31.0,-23.0,68.0,22.0,-97.0,8
-16.0,-2.0,39.0,-143.0,-32.0,-23.0,68.0,22.0,-97.0,8
-16.0,-2.0,39.0,-143.0,-33.0,-24.0,68.0,21.0,-98.0,8
-14.0,1.0,40.0,-143.0,-33.0,-24.0,68.0,22.0,-98.0,8
-9.0,4.0,40.0,-143.0,-33.0,-24.0,68.0,23.0,-98.0,8
-9.0,4.0,40.0,-143.0,-33.0,-24.0,68.0,24.0,-98.0,8
-7.0,5.0,40.0,-143.0,-33.0,-24.0,68.0,25.0,-98.0,8
-6.0,5.0,41.0,-142.0,-36.0,-26.0,65.0,26.0,-102.0,8
-6.0,5.0,40.0,-142.0,-36.0,-26.0,65.0,26.0,-102.0,8
-6.0,5.0,40.0,-142.0,-39.0,-26.0,63.0,26.0,-106.0,8
-6.0,5.0,39.0,-143.0,-40.0,-30.0,62.0,26.0,-107.0,8
-6.0,5.0,39.0,-143.0,-41.0,-30.0,61.0,26.0,-107.0,8
-6.0,7.0,39.0,-142.0,-41.0,-27.0,61.0,30.0,-107.0,8
-4.0,7.0,39.0,-140.0,-40.0,-26.0,62.0,30.0,-107.0,8
-4.0,7.0,39.0,-138.0,-40.0,-26.0,62.0,31.0,-107.0,8
-2.0,7.0,39.0,-138.0,-40.0,-26.0,62.0,31.0,-107.0,8
-4.0,8.0,39.0,-137.0,-39.0,-27.0,62.0,27.0,-109.0,8
-4.0,8.0,39.0,-139.0,-39.0,-27.0,62.0,26.0,-109.0,8
-7.0,6.0,38.0,-142.0,-39.0,-27.0,62.0,25.0,-109.0,8
-7.0,6.0,38.0,-142.0,-39.0,-27.0,62.0,24.0,-109.0,8
-9.0,4.0,38.0,-142.0,-39.0,-27.0,62.0,24.0,-110.0,8
-7.0,6.0,38.0,-140.0,-39.0,-27.0,62.0,25.0,-109.0,8
-7.0,6.0,38.0,-139.0,-37.0,-27.0,62.0,25.0,-109.0,8
-7.0,6.0,38.0,-139.0,-37.0,-27.0,62.0,25.0,-109.0,8
-7.0,6.0,38.0,-139.0,-37.0,-27.0,62.0,25.0,-109.0,8
-12.0,2.0,38.0,-140.0,-37.0,-32.0,61.0,21.0,-107.0,8
-14.0,1.0,38.0,-143.0,-37.0,-37.0,61.0,21.0,-107.0,8
-14.0,1.0,38.0,-145.0,-38.0,-37.0,61.0,20.0,-107.0,8
-14.0,1.0,38.0,-151.0,-38.0,-38.0,60.0,20.0,-108.0,8
-14.0,1.0,38.0,-151.0,-39.0,-38.0,59.0,20.0,-108.0,8
93.0,18.0,26.0,-133.0,38.0,-51.0,110.0,47.0,-13.0,9
93.0,18.0,26.0,-133.0,37.0,-52.0,110.0,47.0,-14.0,9
93.0,18.0,26.0,-133.0,36.0,-52.0,109.0,47.0,-18.0,9
93.0,18.0,26.0,-133.0,35.0,-55.0,105.0,47.0,-22.0,9
103.0,19.0,23.0,-130.0,30.0,-59.0,100.0,54.0,-26.0,9
103.0,20.0,24.0,-128.0,30.0,-58.0,101.0,54.0,-26.0,9
103.0,20.0,25.0,-127.0,32.0,-58.0,102.0,54.0,-25.0,9
102.0,21.0,24.0,-128.0,30.0,-58.0,101.0,51.0,-26.0,9
102.0,21.0,23.0,-128.0,30.0,-59.0,101.0,51.0,-28.0,9
100.0,21.0,20.0,-128.0,30.0,-61.0,100.0,51.0,-28.0,9
100.0,19.0,19.0,-128.0,29.0,-61.0,100.0,51.0,-30.0,9
100.0,19.0,19.0,-128.0,28.0,-61.0,99.0,51.0,-30.0,9
100.0,21.0,19.0,-128.0,28.0,-61.0,100.0,51.0,-30.0,9
102.0,24.0,20.0,-127.0,28.0,-59.0,100.0,52.0,-29.0,9
104.0,24.0,20.0,-126.0,29.0,-59.0,101.0,52.0,-29.0,9
104.0,24.0,20.0,-125.0,29.0,-59.0,101.0,54.0,-29.0,9
104.0,24.0,20.0,-125.0,30.0,-58.0,102.0,52.0,-29.0,9
100.0,22.0,20.0,-126.0,28.0,-59.0,102.0,52.0,-29.0,9
100.0,22.0,20.0,-127.0,28.0,-59.0,101.0,52.0,-29.0,9
100.0,24.0,23.0,-125.0,37.0,-52.0,107.0,53.0,-24.0,9
98.0,22.0,23.0,-125.0,37.0,-52.0,107.0,53.0,-24.0,9
97.0,22.0,22.0,-125.0,37.0,-52.0,107.0,53.0,-24.0,9
97.0,22.0,22.0,-125.0,37.0,-54.0,104.0,53.0,-24.0,9
97.0,22.0,20.0,-127.0,37.0,-57.0,104.0,52.0,-24.0,9
97.0,23.0,20.0,-127.0,37.0,-55.0,105.0,52.0,-24.0,9
97.0,23.0,22.0,-127.0,39.0,-55.0,107.0,52.0,-24.0,9
98.0,23.0,22.0,-127.0,39.0,-54.0,107.0,52.0,-24.0,9
98.0,23.0,23.0,-127.0,39.0,-54.0,107.0,52.0,-23.0,9
97.0,24.0,22.0,-127.0,40.0,-54.0,107.0,53.0,-24.0,9
96.0,24.0,22.0,-129.0,38.0,-54.0,107.0,51.0,-24.0,9
94.0,23.0,22.0,-129.0,38.0,-54.0,107.0,50.0,-24.0,9
93.0,23.0,22.0,-131.0,36.0,-54.0,107.0,50.0,-24.0,9
93.0,23.0,22.0,-136.0,36.0,-54.0,107.0,49.0,-24.0,9
93.0,23.0,22.0,-136.0,38.0,-53.0,107.0,49.0,-24.0,9
94.0,24.0,23.0,-136.0,38.0,-52.0,108.0,49.0,-22.0,9
94.0,25.0,25.0,-136.0,39.0,-52.0,108.0,49.0,-21.0,9
94.0,25.0,26.0,-136.0,40.0,-51.0,108.0,50.0,-21.0,9
94.0,26.0,25.0,-141.0,39.0,-52.0,107.0,49.0,-21.0,9
94.0,26.0,25.0,-141.0,39.0,-52.0,106.0,49.0,-23.0,9
94.0,26.0,25.0,-145.0,39.0,-53.0,106.0,48.0,-23.0,9
93.0,23.0,25.0,-145.0,39.0,-53.0,106.0,48.0,-24.0,9
93.0,23.0,25.0,-146.0,39.0,-53.0,105.0,48.0,-24.0,9
94.0,26.0,25.0,-145.0,39.0,-52.0,105.0,48.0,-23.0,9
94.0,27.0,25.0,-142.0,39.0,-52.0,106.0,49.0,-23.0,9
96.0,27.0,26.0,-141.0,40.0,-52.0,106.0,49.0,-23.0,9
96.0,27.0,30.0,-141.0,40.0,-52.0,106.0,49.0,-22.0,9
96.0,28.0,30.0,-141.0,40.0,-51.0,106.0,49.0,-22.0,9
95.0,26.0,26.0,-144.0,39.0,-51.0,106.0,47.0,-23.0,9
95.0,26.0,26.0,-145.0,39.0,-51.0,106.0,47.0,-23.0,9
94.0,26.0,26.0,-145.0,39.0,-51.0,106.0,47.0,-24.0,9
-23.0,-29.0,-28.0,-20.0,-20.0,-28.0,-13.0,-19.0,-25.0,10
-22.0,-29.0,-28.0,-19.0,-20.0,-27.0,-13.0,-18.0,-25.0,10
-22.0,-29.0,-28.0,-20.0,-19.0,-28.0,-12.0,-18.0,-25.0,10
-22.0,-30.0,-29.0,-20.0,-19.0,-28.0,-12.0,-18.0,-25.0,10
-22.0,-30.0,-29.0,-20.0,-19.0,-28.0,-12.0,-18.0,-25.0,10
-22.0,-30.0,-29.0,-20.0,-19.0,-28.0,-12.0,-18.0,-26.0,10
-22.0,-31.0,-29.0,-21.0,-19.0,-28.0,-12.0,-18.0,-26.0,10
-22.0,-30.0,-29.0,-20.0,-19.0,-27.0,-10.0,-17.0,-25.0,10
-20.0,-30.0,-29.0,-20.0,-17.0,-27.0,-9.0,-17.0,-25.0,10
-20.0,-30.0,-29.0,-20.0,-16.0,-27.0,-9.0,-17.0,-25.0,10
-20.0,-30.0,-28.0,-17.0,-14.0,-27.0,-8.0,-16.0,-24.0,10
-19.0,-30.0,-28.0,-14.0,-13.0,-28.0,-7.0,-17.0,-24.0,10
-20.0,-30.0,-29.0,-14.0,-13.0,-28.0,-7.0,-17.0,-25.0,10
-20.0,-30.0,-29.0,-18.0,-14.0,-28.0,-7.0,-18.0,-25.0,10
-20.0,-30.0,-29.0,-18.0,-14.0,-28.0,-7.0,-18.0,-25.0,10
-20.0,-30.0,-29.0,-18.0,-15.0,-28.0,-7.0,-19.0,-25.0,10
-20.0,-30.0,-29.0,-14.0,-14.0,-28.0,-7.0,-19.0,-25.0,10
-19.0,-30.0,-29.0,-14.0,-14.0,-28.0,-6.0,-18.0,-25.0,10
-19.0,-30.0,-29.0,-13.0,-13.0,-28.0,-5.0,-18.0,-25.0,10
-19.0,-30.0,-29.0,-11.0,-13.0,-28.0,-4.0,-18.0,-25.0,10
-19.0,-30.0,-28.0,-11.0,-12.0,-28.0,-2.0,-18.0,-25.0,10
-19.0,-30.0,-29.0,-13.0,-12.0,-28.0,-2.0,-20.0,-25.0,10
-19.0,-30.0,-29.0,-14.0,-12.0,-28.0,-5.0,-20.0,-26.0,10
-19.0,-30.0,-29.0,-14.0,-13.0,-28.0,-5.0,-20.0,-26.0,10
-16.0,-28.0,-30.0,-10.0,-8.0,-27.0,2.0,-19.0,-26.0,10
-15.0,-28.0,-30.0,-8.0,-7.0,-26.0,3.0,-17.0,-24.0,10
-15.0,-28.0,-30.0,-6.0,-7.0,-25.0,4.0,-17.0,-23.0,10
-13.0,-28.0,-28.0,-5.0,-5.0,-24.0,5.0,-16.0,-22.0,10
-11.0,-27.0,-28.0,-2.0,-4.0,-24.0,6.0,-16.0,-21.0,10
-11.0,-27.0,-26.0,-5.0,-3.0,-24.0,6.0,-15.0,-21.0,10
-11.0,-27.0,-28.0,-5.0,-3.0,-24.0,6.0,-15.0,-21.0,10
-11.0,-27.0,-28.0,-5.0,-3.0,-24.0,6.0,-15.0,-21.0,10
-11.0,-26.0,-28.0,-5.0,-3.0,-24.0,7.0,-13.0,-20.0,10
-10.0,-26.0,-26.0,-2.0,-2.0,-24.0,7.0,-13.0,-19.0,10
-10.0,-26.0,-26.0,-2.0,0.0,-24.0,8.0,-13.0,-18.0,10
-9.0,-25.0,-25.0,-1.0,0.0,-22.0,8.0,-13.0,-17.0,10
-9.0,-24.0,-23.0,0.0,0.0,-22.0,8.0,-12.0,-16.0,10
-9.0,-24.0,-23.0,0.0,0.0,-22.0,8.0,-15.0,-16.0,10
-9.0,-24.0,-23.0,0.0,0.0,-22.0,7.0,-15.0,-18.0,10
-9.0,-24.0,-23.0,0.0,0.0,-22.0,6.0,-15.0,-18.0,10
-10.0,-24.0,-23.0,0.0,0.0,-22.0,6.0,-15.0,-18.0,10
-9.0,-24.0,-23.0,1.0,0.0,-20.0,6.0,-13.0,-16.0,10
-8.0,-24.0,-23.0,1.0,0.0,-19.0,7.0,-12.0,-16.0,10
-8.0,-23.0,-23.0,1.0,0.0,-18.0,8.0,-10.0,-15.0,10
-7.0,-23.0,-23.0,1.0,1.0,-18.0,8.0,-9.0,-15.0,10
-8.0,-22.0,-23.0,0.0,0.0,-18.0,8.0,-10.0,-14.0,10
-9.0,-22.0,-23.0,-2.0,0.0,-18.0,8.0,-10.0,-15.0,10
-9.0,-22.0,-23.0,-2.0,0.0,-18.0,7.0,-10.0,-16.0,10
-9.0,-22.0,-24.0,-2.0,0.0,-18.0,6.0,-12.0,-16.0,10
-9.0,-22.0,-24.0,-2.0,-1.0,-18.0,6.0,-12.0,-18.0,10
-28.0,-60.0,-38.0,17.0,7.0,-61.0,28.0,-23.0,-42.0,0
-28.0,-62.0,-38.0,18.0,8.0,-60.0,29.0,-24.0,-42.0,0
-30.0,-62.0,-40.0,18.0,8.0,-60.0,29.0,-25.0,-42.0,0
-31.0,-64.0,-40.0,18.0,8.0,-60.0,28.0,-25.0,-42.0,0
-31.0,-64.0,-40.0,18.0,8.0,-60.0,28.0,-25.0,-42.0,0
-31.0,-64.0,-40.0,18.0,8.0,-60.0,28.0,-26.0,-42.0,0
-30.0,-63.0,-40.0,18.0,8.0,-55.0,29.0,-25.0,-42.0,0
-30.0,-63.0,-40.0,19.0,9.0,-55.0,30.0,-25.0,-40.0,0
-30.0,-62.0,-39.0,19.0,9.0,-53.0,31.0,-25.0,-39.0,0
-30.0,-62.0,-39.0,19.0,9.0,-53.0,31.0,-24.0,-37.0,0
-29.0,-62.0,-40.0,18.0,8.0,-53.0,31.0,-25.0,-37.0,0
-29.0,-62.0,-40.0,18.0,7.0,-53.0,30.0,-25.0,-39.0,0
-29.0,-62.0,-40.0,18.0,7.0,-53.0,30.0,-25.0,-40.0,0
-29.0,-62.0,-40.0,17.0,7.0,-53.0,29.0,-25.0,-41.0,0
-29.0,-62.0,-40.0,17.0,7.0,-54.0,29.0,-25.0,-41.0,0
-29.0,-61.0,-40.0,17.0,7.0,-54.0,29.0,-25.0,-41.0,0
-29.0,-59.0,-38.0,17.0,7.0,-54.0,29.0,-25.0,-41.0,0
-29.0,-59.0,-38.0,17.0,7.0,-53.0,30.0,-25.0,-40.0,0
-29.0,-59.0,-38.0,17.0,8.0,-52.0,30.0,-25.0,-40.0,0
-31.0,-60.0,-40.0,17.0,8.0,-53.0,31.0,-25.0,-39.0,0
-31.0,-61.0,-40.0,15.0,8.0,-56.0,31.0,-26.0,-39.0,0
-35.0,-61.0,-40.0,15.0,8.0,-57.0,31.0,-26.0,-39.0,0
-35.0,-62.0,-42.0,13.0,7.0,-57.0,31.0,-27.0,-39.0,0
-37.0,-62.0,-42.0,13.0,7.0,-57.0,31.0,-27.0,-40.0,0
-37.0,-62.0,-42.0,13.0,8.0,-57.0,31.0,-27.0,-39.0,0
-37.0,-62.0,-41.0,13.0,9.0,-57.0,31.0,-26.0,-39.0,0
-36.0,-62.0,-41.0,13.0,9.0,-57.0,32.0,-26.0,-37.0,0
-35.0,-62.0,-41.0,13.0,10.0,-57.0,33.0,-26.0,-37.0,0
-35.0,-62.0,-41.0,12.0,10.0,-57.0,32.0,-28.0,-37.0,0
-35.0,-62.0,-42.0,10.0,9.0,-57.0,32.0,-28.0,-38.0,0
-35.0,-62.0,-42.0,9.0,9.0,-60.0,32.0,-28.0,-38.0,0
-36.0,-62.0,-42.0,9.0,9.0,-60.0,31.0,-28.0,-39.0,0
-36.0,-62.0,-43.0,9.0,8.0,-60.0,31.0,-28.0,-42.0,0
-35.0,-62.0,-43.0,9.0,8.0,-60.0,31.0,-28.0,-42.0,0
-33.0,-62.0,-43.0,9.0,8.0,-60.0,31.0,-28.0,-39.0,0
-33.0,-62.0,-43.0,9.0,9.0,-60.0,32.0,-28.0,-39.0,0
-33.0,-61.0,-43.0,10.0,9.0,-60.0,32.0,-28.0,-39.0,0
-33.0,-62.0,-45.0,9.0,8.0,-61.0,34.0,-30.0,-40.0,0
-34.0,-62.0,-46.0,9.0,7.0,-61.0,32.0,-30.0,-43.0,0
-36.0,-63.0,-46.0,9.0,7.0,-62.0,31.0,-30.0,-43.0,0
-36.0,-64.0,-46.0,7.0,6.0,-63.0,31.0,-30.0,-44.0,0
-38.0,-64.0,-46.0,7.0,6.0,-63.0,30.0,-31.0,-44.0,0
-38.0,-64.0,-46.0,7.0,7.0,-63.0,30.0,-31.0,-43.0,0
-38.0,-64.0,-46.0,7.0,7.0,-63.0,31.0,-31.0,-43.0,0
-36.0,-64.0,-46.0,7.0,7.0,-63.0,31.0,-31.0,-42.0,0
-36.0,-64.0,-46.0,7.0,7.0,-63.0,32.0,-31.0,-42.0,0
-35.0,-64.0,-46.0,7.0,7.0,-67.0,31.0,-30.0,-44.0,0
-38.0,-64.0,-46.0,6.0,7.0,-67.0,31.0,-31.0,-45.0,0
-38.0,-64.0,-46.0,5.0,7.0,-72.0,31.0,-31.0,-47.0,0
-38.0,-64.0,-47.0,4.0,7.0,-72.0,31.0,-31.0,-48.0,0
-53.0,-85.0,-96.0,-182.0,-11.0,-206.0,47.0,-20.0,-69.0,1
-51.0,-83.0,-96.0,-182.0,-10.0,-206.0,47.0,-20.0,-68.0,1
-52.0,-82.0,-95.0,-182.0,-11.0,-205.0,47.0,-19.0,-69.0,1
-52.0,-82.0,-96.0,-182.0,-11.0,-207.0,46.0,-20.0,-70.0,1
-52.0,-82.0,-97.0,-182.0,-14.0,-210.0,46.0,-20.0,-70.0,1
-52.0,-82.0,-98.0,-183.0,-15.0,-210.0,45.0,-20.0,-71.0,1
-52.0,-82.0,-98.0,-184.0,-15.0,-210.0,43.0,-20.0,-71.0,1
-51.0,-79.0,-98.0,-183.0,-15.0,-207.0,45.0,-19.0,-71.0,1
-47.0,-79.0,-97.0,-182.0,-15.0,-207.0,45.0,-12.0,-71.0,1
-45.0,-74.0,-97.0,-182.0,-14.0,-207.0,46.0,-10.0,-71.0,1
-43.0,-74.0,-97.0,-181.0,-14.0,-205.0,46.0,-9.0,-71.0,1
-41.0,-71.0,-98.0,-180.0,-14.0,-207.0,46.0,-7.0,-73.0,1
-45.0,-71.0,-98.0,-182.0,-14.0,-207.0,46.0,-7.0,-74.0,1
-45.0,-71.0,-98.0,-182.0,-15.0,-207.0,46.0,-7.0,-74.0,1
-45.0,-71.0,-98.0,-182.0,-15.0,-207.0,46.0,-7.0,-74.0,1
-45.0,-71.0,-98.0,-183.0,-15.0,-207.0,46.0,-7.0,-74.0,1
-41.0,-68.0,-98.0,-182.0,-15.0,-204.0,46.0,-6.0,-73.0,1
-41.0,-68.0,-98.0,-182.0,-15.0,-204.0,47.0,-6.0,-70.0,1
-41.0,-68.0,-96.0,-182.0,-14.0,-202.0,47.0,-5.0,-70.0,1
-41.0,-68.0,-95.0,-182.0,-14.0,-201.0,49.0,-5.0,-70.0,1
-46.0,-75.0,-95.0,-180.0,-12.0,-202.0,49.0,-7.0,-69.0,1
-46.0,-75.0,-96.0,-185.0,-12.0,-202.0,48.0,-7.0,-69.0,1
-46.0,-75.0,-96.0,-186.0,-12.0,-202.0,47.0,-9.0,-70.0,1
-46.0,-75.0,-98.0,-186.0,-14.0,-202.0,47.0,-9.0,-72.0,1
-46.0,-75.0,-100.0,-187.0,-14.0,-206.0,47.0,-9.0,-72.0,1
-46.0,-75.0,-98.0,-187.0,-12.0,-202.0,47.0,-9.0,-70.0,1
-46.0,-75.0,-98.0,-186.0,-12.0,-202.0,48.0,-7.0,-70.0,1
-45.0,-72.0,-98.0,-186.0,-12.0,-202.0,49.0,-7.0,-70.0,1
-45.0,-72.0,-96.0,-186.0,-11.0,-202.0,50.0,-6.0,-70.0,1
-44.0,-69.0,-98.0,-185.0,-11.0,-201.0,51.0,-6.0,-72.0,1
-46.0,-69.0,-101.0,-185.0,-11.0,-201.0,51.0,-7.0,-73.0,1
-46.0,-69.0,-101.0,-187.0,-11.0,-201.0,51.0,-9.0,-73.0,1
-47.0,-72.0,-101.0,-187.0,-12.0,-201.0,51.0,-9.0,-73.0,1
-48.0,-72.0,-102.0,-187.0,-12.0,-202.0,51.0,-10.0,-73.0,1
-48.0,-72.0,-101.0,-187.0,-11.0,-202.0,51.0,-9.0,-72.0,1
-47.0,-71.0,-101.0,-187.0,-11.0,-201.0,53.0,-9.0,-71.0,1
-47.0,-71.0,-98.0,-187.0,-10.0,-201.0,53.0,-8.0,-69.0,1
-47.0,-69.0,-98.0,-187.0,-10.0,-200.0,53.0,-7.0,-69.0,1
-47.0,-69.0,-97.0,-188.0,-11.0,-197.0,54.0,-7.0,-68.0,1
-47.0,-69.0,-98.0,-188.0,-11.0,-197.0,54.0,-7.0,-69.0,1
-47.0,-69.0,-98.0,-188.0,-11.0,-197.0,51.0,-7.0,-69.0,1
-48.0,-69.0,-98.0,-190.0,-12.0,-197.0,51.0,-7.0,-69.0,1
-48.0,-71.0,-98.0,-190.0,-12.0,-201.0,51.0,-8.0,-72.0,1
-47.0,-69.0,-98.0,-190.0,-11.0,-201.0,51.0,-8.0,-70.0,1
-47.0,-69.0,-98.0,-190.0,-9.0,-197.0,51.0,-8.0,-69.0,1
-47.0,-69.0,-98.0,-190.0,-8.0,-197.0,53.0,-8.0,-69.0,1
-46.0,-69.0,-97.0,-190.0,-7.0,-195.0,54.0,-8.0,-69.0,1
-47.0,-69.0,-97.0,-190.0,-6.0,-195.0,55.0,-7.0,-69.0,1
-48.0,-69.0,-97.0,-190.0,-8.0,-195.0,55.0,-9.0,-69.0,1
-49.0,-71.0,-97.0,-190.0,-8.0,-197.0,55.0,-9.0,-69.0,1
-28.0,-31.0,-135.0,-178.0,-28.0,-217.0,46.0,20.0,-117.0,2
-28.0,-31.0,-135.0,-182.0,-28.0,-220.0,46.0,20.0,-120.0,2
-28.0,-31.0,-135.0,-182.0,-28.0,-221.0,45.0,20.0,-120.0,2
-28.0,-31.0,-138.0,-182.0,-28.0,-223.0,45.0,20.0,-121.0,2
-18.0,-25.0,-138.0,-178.0,-28.0,-221.0,45.0,28.0,-120.0,2
-18.0,-24.0,-136.0,-178.0,-28.0,-221.0,45.0,32.0,-120.0,2
-18.0,-24.0,-136.0,-177.0,-27.0,-220.0,46.0,34.0,-120.0,2
-17.0,-23.0,-136.0,-177.0,-26.0,-220.0,46.0,34.0,-120.0,2
-18.0,-24.0,-137.0,-181.0,-26.0,-219.0,46.0,31.0,-118.0,2
-24.0,-30.0,-137.0,-181.0,-26.0,-220.0,46.0,31.0,-120.0,2
-24.0,-30.0,-137.0,-183.0,-27.0,-220.0,46.0,31.0,-120.0,2
-24.0,-30.0,-137.0,-183.0,-28.0,-220.0,46.0,30.0,-120.0,2
-25.0,-30.0,-138.0,-183.0,-28.0,-220.0,46.0,30.0,-120.0,2
-24.0,-28.0,-137.0,-183.0,-28.0,-220.0,47.0,31.0,-118.0,2
-24.0,-26.0,-137.0,-183.0,-28.0,-220.0,47.0,32.0,-117.0,2
-23.0,-25.0,-136.0,-183.0,-28.0,-219.0,47.0,34.0,-117.0,2
-22.0,-25.0,-135.0,-183.0,-28.0,-217.0,47.0,34.0,-117.0,2
-21.0,-24.0,-133.0,-187.0,-30.0,-216.0,46.0,34.0,-117.0,2
-21.0,-24.0,-134.0,-187.0,-30.0,-216.0,46.0,34.0,-117.0,2
-21.0,-24.0,-134.0,-188.0,-33.0,-216.0,44.0,34.0,-120.0,2
-21.0,-24.0,-134.0,-188.0,-34.0,-216.0,43.0,34.0,-120.0,2
-23.0,-24.0,-136.0,-188.0,-34.0,-219.0,43.0,34.0,-120.0,2
-23.0,-24.0,-136.0,-188.0,-33.0,-218.0,44.0,37.0,-120.0,2
-23.0,-24.0,-136.0,-188.0,-32.0,-218.0,46.0,40.0,-120.0,2
-23.0,-20.0,-135.0,-188.0,-30.0,-216.0,46.0,40.0,-120.0,2
-23.0,-20.0,-135.0,-188.0,-30.0,-216.0,46.0,40.0,-118.0,2
-24.0,-24.0,-137.0,-188.0,-28.0,-219.0,48.0,40.0,-120.0,2
-25.0,-24.0,-138.0,-189.0,-28.0,-220.0,48.0,35.0,-120.0,2
-26.0,-25.0,-138.0,-189.0,-30.0,-222.0,48.0,34.0,-120.0,2
-26.0,-25.0,-138.0,-189.0,-30.0,-223.0,48.0,34.0,-120.0,2
-27.0,-25.0,-138.0,-189.0,-30.0,-223.0,46.0,33.0,-120.0,2
-27.0,-25.0,-138.0,-189.0,-29.0,-223.0,48.0,33.0,-120.0,2
-26.0,-24.0,-138.0,-189.0,-28.0,-223.0,50.0,34.0,-117.0,2
-25.0,-24.0,-137.0,-189.0,-26.0,-222.0,50.0,34.0,-117.0,2
-24.0,-23.0,-137.0,-189.0,-24.0,-220.0,51.0,34.0,-117.0,2
-25.0,-23.0,-138.0,-188.0,-25.0,-219.0,52.0,35.0,-117.0,2
-25.0,-23.0,-138.0,-189.0,-26.0,-219.0,52.0,35.0,-119.0,2
-27.0,-23.0,-138.0,-190.0,-26.0,-221.0,52.0,33.0,-119.0,2
-28.0,-24.0,-141.0,-190.0,-26.0,-222.0,52.0,33.0,-119.0,2
-28.0,-25.0,-141.0,-191.0,-26.0,-223.0,52.0,32.0,-119.0,2
-28.0,-25.0,-141.0,-191.0,-25.0,-222.0,52.0,32.0,-119.0,2
-28.0,-25.0,-141.0,-190.0,-25.0,-222.0,52.0,32.0,-117.0,2
-28.0,-25.0,-141.0,-190.0,-21.0,-222.0,52.0,32.0,-117.0,2
-28.0,-25.0,-141.0,-190.0,-19.0,-222.0,55.0,32.0,-114.0,2
-28.0,-29.0,-142.0,-190.0,-18.0,-227.0,55.0,28.0,-116.0,2
-30.0,-29.0,-143.0,-191.0,-18.0,-227.0,52.0,27.0,-116.0,2
-32.0,-32.0,-145.0,-192.0,-18.0,-229.0,52.0,26.0,-116.0,2
-36.0,-33.0,-145.0,-192.0,-18.0,-232.0,52.0,22.0,-116.0,2
-40.0,-33.0,-145.0,-193.0,-18.0,-232.0,52.0,21.0,-117.0,2
-36.0,-33.0,-145.0,-192.0,-13.0,-232.0,52.0,22.0,-116.0,2
18.0,15.0,11.0,-123.0,-89.0,0.0,35.0,90.0,-154.0,3
18.0,14.0,9.0,-123.0,-90.0,1.0,35.0,87.0,-154.0,3
17.0,13.0,9.0,-123.0,-90.0,1.0,35.0,85.0,-154.0,3
13.0,12.0,9.0,-124.0,-91.0,1.0,35.0,85.0,-155.0,3
13.0,12.0,9.0,-124.0,-91.0,-2.0,35.0,85.0,-155.0,3
12.0,12.0,9.0,-125.0,-91.0,-2.0,35.0,85.0,-155.0,3
12.0,12.0,11.0,-124.0,-91.0,-2.0,36.0,85.0,-154.0,3
13.0,12.0,11.0,-124.0,-90.0,1.0,37.0,85.0,-154.0,3
13.0,13.0,14.0,-123.0,-88.0,3.0,37.0,85.0,-154.0,3
11.0,12.0,14.0,-125.0,-94.0,-2.0,37.0,84.0,-156.0,3
9.0,10.0,14.0,-125.0,-95.0,-2.0,36.0,84.0,-156.0,3
9.0,10.0,14.0,-125.0,-97.0,-2.0,36.0,84.0,-158.0,3
9.0,12.0,14.0,-125.0,-96.0,1.0,37.0,85.0,-158.0,3
11.0,12.0,15.0,-125.0,-96.0,3.0,37.0,86.0,-158.0,3
11.0,13.0,15.0,-124.0,-96.0,3.0,37.0,89.0,-158.0,3
11.0,13.0,15.0,-124.0,-96.0,5.0,38.0,91.0,-156.0,3
11.0,13.0,17.0,-125.0,-97.0,6.0,37.0,89.0,-158.0,3
11.0,12.0,17.0,-125.0,-98.0,5.0,36.0,89.0,-158.0,3
11.0,12.0,17.0,-125.0,-100.0,5.0,34.0,89.0,-158.0,3
10.0,12.0,16.0,-125.0,-100.0,5.0,34.0,87.0,-158.0,3
10.0,12.0,16.0,-126.0,-101.0,5.0,34.0,87.0,-158.0,3
10.0,13.0,16.0,-125.0,-101.0,5.0,34.0,89.0,-158.0,3
10.0,16.0,17.0,-125.0,-101.0,5.0,34.0,89.0,-158.0,3
11.0,17.0,17.0,-125.0,-101.0,6.0,34.0,90.0,-157.0,3
11.0,17.0,17.0,-125.0,-101.0,6.0,36.0,90.0,-157.0,3
10.0,17.0,17.0,-125.0,-101.0,4.0,34.0,92.0,-158.0,3
9.0,13.0,15.0,-125.0,-102.0,3.0,33.0,90.0,-158.0,3
8.0,13.0,15.0,-125.0,-102.0,3.0,33.0,88.0,-159.0,3
7.0,13.0,14.0,-125.0,-102.0,2.0,33.0,87.0,-159.0,3
5.0,13.0,14.0,-125.0,-102.0,2.0,33.0,86.0,-159.0,3
5.0,13.0,15.0,-125.0,-101.0,2.0,33.0,86.0,-159.0,3
5.0,13.0,15.0,-125.0,-99.0,2.0,34.0,86.0,-158.0,3
5.0,13.0,15.0,-125.0,-97.0,2.0,37.0,86.0,-158.0,3
5.0,13.0,17.0,-123.0,-93.0,2.0,37.0,86.0,-158.0,3
3.0,5.0,15.0,-123.0,-92.0,-2.0,38.0,83.0,-158.0,3
1.0,4.0,13.0,-125.0,-92.0,-2.0,38.0,79.0,-158.0,3
1.0,5.0,13.0,-126.0,-92.0,-1.0,40.0,78.0,-159.0,3
-2.0,5.0,13.0,-126.0,-92.0,-1.0,40.0,77.0,-159.0,3
-3.0,5.0,10.0,-127.0,-93.0,-1.0,40.0,77.0,-159.0,3
-3.0,3.0,10.0,-127.0,-94.0,-1.0,38.0,77.0,-160.0,3
-2.0,5.0,10.0,-126.0,-94.0,1.0,40.0,77.0,-159.0,3
-1.0,6.0,10.0,-125.0,-94.0,1.0,41.0,78.0,-159.0,3
-1.0,6.0,11.0,-124.0,-93.0,1.0,41.0,78.0,-159.0,3
-1.0,6.0,11.0,-124.0,-92.0,2.0,43.0,78.0,-159.0,3
-3.0,2.0,10.0,-126.0,-91.0,3.0,43.0,77.0,-159.0,3
-3.0,2.0,10.0,-126.0,-93.0,3.0,43.0,77.0,-159.0,3
-3.0,2.0,10.0,-127.0,-96.0,1.0,42.0,77.0,-159.0,3
-3.0,2.0,10.0,-127.0,-96.0,1.0,41.0,77.0,-159.0,3
-3.0,2.0,10.0,-127.0,-96.0,1.0,41.0,77.0,-159.0,3
-2.0,4.0,11.0,-127.0,-96.0,3.0,41.0,78.0,-159.0,3
-58.0,-80.0,-77.0,-394.0,-54.0,-225.0,48.0,-23.0,-77.0,4
-58.0,-80.0,-77.0,-392.0,-54.0,-225.0,48.0,-22.0,-77.0,4
-55.0,-79.0,-80.0,-391.0,-58.0,-226.0,42.0,-20.0,-81.0,4
-55.0,-79.0,-82.0,-391.0,-59.0,-227.0,42.0,-20.0,-86.0,4
-55.0,-79.0,-82.0,-391.0,-59.0,-229.0,42.0,-20.0,-86.0,4
-55.0,-79.0,-82.0,-391.0,-62.0,-229.0,42.0,-20.0,-86.0,4
-55.0,-79.0,-83.0,-391.0,-64.0,-229.0,42.0,-20.0,-86.0,4
-49.0,-75.0,-82.0,-390.0,-62.0,-229.0,42.0,-16.0,-86.0,4
-45.0,-73.0,-81.0,-386.0,-62.0,-229.0,42.0,-12.0,-86.0,4
-43.0,-70.0,-81.0,-385.0,-62.0,-229.0,42.0,-12.0,-86.0,4
-41.0,-70.0,-81.0,-384.0,-62.0,-229.0,42.0,-9.0,-86.0,4
-38.0,-65.0,-83.0,-384.0,-67.0,-228.0,40.0,-8.0,-87.0,4
-40.0,-65.0,-83.0,-384.0,-67.0,-228.0,40.0,-8.0,-87.0,4
-43.0,-72.0,-83.0,-384.0,-67.0,-228.0,40.0,-8.0,-87.0,4
-43.0,-72.0,-83.0,-384.0,-67.0,-228.0,40.0,-8.0,-87.0,4
-43.0,-75.0,-83.0,-385.0,-67.0,-228.0,40.0,-8.0,-87.0,4
-43.0,-75.0,-83.0,-384.0,-67.0,-228.0,43.0,-8.0,-86.0,4
-43.0,-72.0,-83.0,-382.0,-67.0,-228.0,43.0,-8.0,-86.0,4
-43.0,-72.0,-83.0,-382.0,-65.0,-227.0,43.0,-7.0,-85.0,4
-43.0,-72.0,-82.0,-380.0,-62.0,-227.0,43.0,-7.0,-85.0,4
-46.0,-72.0,-82.0,-381.0,-61.0,-228.0,46.0,-8.0,-85.0,4
-46.0,-74.0,-83.0,-381.0,-61.0,-228.0,42.0,-8.0,-85.0,4
-46.0,-74.0,-83.0,-381.0,-61.0,-229.0,42.0,-10.0,-85.0,4
-46.0,-74.0,-83.0,-381.0,-61.0,-229.0,42.0,-10.0,-85.0,4
-46.0,-74.0,-83.0,-381.0,-61.0,-231.0,42.0,-11.0,-85.0,4
-46.0,-73.0,-83.0,-381.0,-59.0,-231.0,44.0,-11.0,-85.0,4
-46.0,-73.0,-82.0,-379.0,-58.0,-231.0,44.0,-10.0,-85.0,4
-46.0,-73.0,-82.0,-378.0,-55.0,-227.0,46.0,-11.0,-82.0,4
-47.0,-74.0,-82.0,-379.0,-55.0,-227.0,46.0,-11.0,-82.0,4
-50.0,-78.0,-82.0,-381.0,-55.0,-229.0,46.0,-11.0,-82.0,4
-50.0,-78.0,-82.0,-383.0,-59.0,-229.0,46.0,-11.0,-82.0,4
-50.0,-78.0,-82.0,-383.0,-59.0,-231.0,46.0,-11.0,-82.0,4
-47.0,-76.0,-82.0,-383.0,-55.0,-229.0,46.0,-10.0,-81.0,4
-47.0,-75.0,-81.0,-382.0,-55.0,-228.0,47.0,-9.0,-79.0,4
-47.0,-74.0,-79.0,-381.0,-54.0,-228.0,47.0,-8.0,-79.0,4
-46.0,-74.0,-78.0,-381.0,-54.0,-227.0,47.0,-8.0,-79.0,4
-45.0,-74.0,-77.0,-381.0,-54.0,-228.0,49.0,-8.0,-81.0,4
-45.0,-74.0,-79.0,-383.0,-54.0,-229.0,49.0,-8.0,-81.0,4
-45.0,-74.0,-79.0,-383.0,-54.0,-229.0,46.0,-9.0,-81.0,4
-47.0,-74.0,-82.0,-385.0,-54.0,-229.0,46.0,-10.0,-81.0,4
-48.0,-76.0,-82.0,-385.0,-54.0,-229.0,46.0,-10.0,-81.0,4
-47.0,-74.0,-82.0,-385.0,-53.0,-229.0,47.0,-9.0,-81.0,4
-46.0,-74.0,-79.0,-383.0,-53.0,-229.0,49.0,-9.0,-81.0,4
-45.0,-71.0,-79.0,-383.0,-52.0,-228.0,50.0,-9.0,-79.0,4
-45.0,-71.0,-79.0,-381.0,-52.0,-224.0,50.0,-8.0,-77.0,4
-45.0,-68.0,-78.0,-383.0,-52.0,-226.0,51.0,-9.0,-76.0,4
-46.0,-71.0,-79.0,-383.0,-52.0,-226.0,51.0,-9.0,-76.0,4
-46.0,-71.0,-79.0,-383.0,-52.0,-228.0,51.0,-10.0,-76.0,4
-47.0,-73.0,-81.0,-383.0,-52.0,-228.0,50.0,-10.0,-76.0,4
-47.0,-73.0,-82.0,-383.0,-52.0,-228.0,50.0,-10.0,-76.0,4
39.0,-30.0,20.0,-160.0,-16.0,-78.0,58.0,1.0,-45.0,5
39.0,-30.0,20.0,-160.0,-16.0,-78.0,58.0,5.0,-45.0,5
46.0,-30.0,18.0,-163.0,-24.0,-82.0,56.0,5.0,-49.0,5
46.0,-30.0,18.0,-163.0,-30.0,-92.0,52.0,1.0,-50.0,5
43.0,-30.0,15.0,-164.0,-31.0,-92.0,51.0,1.0,-51.0,5
43.0,-34.0,15.0,-169.0,-31.0,-92.0,51.0,1.0,-51.0,5
39.0,-35.0,15.0,-169.0,-31.0,-92.0,51.0,-1.0,-51.0,5
39.0,-35.0,17.0,-169.0,-31.0,-92.0,51.0,1.0,-51.0,5
39.0,-35.0,17.0,-169.0,-30.0,-90.0,52.0,1.0,-51.0,5
39.0,-34.0,18.0,-169.0,-30.0,-89.0,52.0,1.0,-50.0,5
43.0,-34.0,18.0,-169.0,-30.0,-87.0,52.0,3.0,-50.0,5
46.0,-36.0,18.0,-174.0,-30.0,-87.0,56.0,4.0,-49.0,5
45.0,-36.0,18.0,-174.0,-30.0,-89.0,56.0,1.0,-49.0,5
45.0,-37.0,18.0,-174.0,-30.0,-89.0,56.0,1.0,-49.0,5
42.0,-37.0,18.0,-174.0,-30.0,-90.0,55.0,1.0,-49.0,5
42.0,-37.0,18.0,-174.0,-30.0,-90.0,52.0,1.0,-49.0,5
45.0,-36.0,18.0,-174.0,-30.0,-89.0,55.0,3.0,-49.0,5
45.0,-32.0,18.0,-174.0,-30.0,-88.0,56.0,3.0,-48.0,5
46.0,-32.0,19.0,-169.0,-28.0,-88.0,56.0,4.0,-47.0,5
49.0,-30.0,19.0,-168.0,-28.0,-88.0,57.0,6.0,-47.0,5
50.0,-28.0,19.0,-167.0,-27.0,-90.0,57.0,11.0,-49.0,5
50.0,-28.0,19.0,-169.0,-28.0,-90.0,57.0,11.0,-50.0,5
50.0,-28.0,18.0,-169.0,-29.0,-91.0,57.0,11.0,-51.0,5
50.0,-32.0,18.0,-169.0,-29.0,-92.0,57.0,11.0,-51.0,5
50.0,-32.0,16.0,-169.0,-29.0,-92.0,57.0,11.0,-51.0,5
54.0,-32.0,17.0,-166.0,-28.0,-90.0,61.0,12.0,-51.0,5
48.0,-32.0,15.0,-166.0,-28.0,-91.0,61.0,12.0,-51.0,5
48.0,-32.0,15.0,-166.0,-28.0,-91.0,61.0,12.0,-51.0,5
48.0,-32.0,15.0,-166.0,-28.0,-91.0,61.0,12.0,-51.0,5
48.0,-32.0,15.0,-166.0,-28.0,-91.0,61.0,10.0,-51.0,5
49.0,-32.0,17.0,-162.0,-23.0,-90.0,63.0,10.0,-51.0,5
50.0,-32.0,17.0,-162.0,-23.0,-90.0,64.0,10.0,-49.0,5
50.0,-30.0,18.0,-160.0,-16.0,-85.0,65.0,12.0,-49.0,5
51.0,-30.0,19.0,-160.0,-16.0,-83.0,65.0,13.0,-49.0,5
50.0,-30.0,18.0,-163.0,-16.0,-85.0,67.0,14.0,-49.0,5
50.0,-30.0,18.0,-165.0,-17.0,-86.0,67.0,14.0,-51.0,5
50.0,-30.0,17.0,-166.0,-17.0,-89.0,67.0,12.0,-51.0,5
49.0,-31.0,17.0,-169.0,-20.0,-89.0,67.0,10.0,-51.0,5
49.0,-32.0,17.0,-169.0,-20.0,-90.0,67.0,10.0,-51.0,5
49.0,-32.0,17.0,-166.0,-17.0,-89.0,67.0,11.0,-50.0,5
49.0,-32.0,17.0,-166.0,-17.0,-87.0,69.0,11.0,-49.0,5
49.0,-32.0,18.0,-166.0,-17.0,-86.0,69.0,11.0,-47.0,5
49.0,-32.0,19.0,-166.0,-16.0,-86.0,71.0,11.0,-45.0,5
47.0,-34.0,20.0,-168.0,-16.0,-89.0,71.0,12.0,-46.0,5
47.0,-37.0,18.0,-169.0,-17.0,-89.0,71.0,12.0,-46.0,5
43.0,-37.0,17.0,-169.0,-17.0,-90.0,71.0,10.0,-46.0,5
43.0,-37.0,17.0,-169.0,-17.0,-91.0,69.0,9.0,-46.0,5
43.0,-37.0,16.0,-169.0,-18.0,-91.0,69.0,9.0,-46.0,5
47.0,-35.0,16.0,-168.0,-17.0,-91.0,69.0,9.0,-46.0,5
47.0,-35.0,16.0,-168.0,-16.0,-91.0,69.0,9.0,-46.0,5
-41.0,-59.0,-51.0,-279.0,-69.0,-192.0,2.0,-27.0,-102.0,6
-39.0,-58.0,-51.0,-272.0,-69.0,-190.0,2.0,-27.0,-102.0,6
-41.0,-59.0,-50.0,-279.0,-68.0,-189.0,4.0,-32.0,-100.0,6
-50.0,-62.0,-50.0,-290.0,-71.0,-189.0,1.0,-32.0,-106.0,6
-50.0,-66.0,-50.0,-290.0,-71.0,-192.0,1.0,-32.0,-106.0,6
-50.0,-66.0,-50.0,-290.0,-71.0,-192.0,1.0,-32.0,-106.0,6
-50.0,-66.0,-50.0,-290.0,-71.0,-192.0,1.0,-32.0,-106.0,6
-50.0,-66.0,-50.0,-290.0,-71.0,-192.0,1.0,-31.0,-106.0,6
-43.0,-66.0,-49.0,-290.0,-71.0,-190.0,4.0,-30.0,-106.0,6
-43.0,-66.0,-45.0,-285.0,-69.0,-189.0,5.0,-28.0,-105.0,6
-42.0,-62.0,-44.0,-281.0,-69.0,-188.0,5.0,-27.0,-105.0,6
-41.0,-61.0,-45.0,-280.0,-69.0,-189.0,6.0,-26.0,-103.0,6
-41.0,-61.0,-45.0,-280.0,-69.0,-191.0,5.0,-26.0,-106.0,6
-41.0,-61.0,-45.0,-280.0,-70.0,-191.0,3.0,-26.0,-106.0,6
-41.0,-61.0,-45.0,-280.0,-72.0,-191.0,3.0,-26.0,-106.0,6
-41.0,-61.0,-45.0,-280.0,-72.0,-191.0,3.0,-26.0,-106.0,6
-41.0,-60.0,-45.0,-279.0,-71.0,-189.0,5.0,-26.0,-106.0,6
-38.0,-60.0,-41.0,-279.0,-71.0,-185.0,5.0,-25.0,-104.0,6
-36.0,-59.0,-41.0,-274.0,-70.0,-183.0,6.0,-24.0,-104.0,6
-36.0,-59.0,-40.0,-273.0,-69.0,-182.0,6.0,-23.0,-103.0,6
-35.0,-59.0,-40.0,-272.0,-70.0,-181.0,6.0,-22.0,-103.0,6
-35.0,-59.0,-40.0,-272.0,-70.0,-183.0,6.0,-22.0,-104.0,6
-35.0,-59.0,-41.0,-272.0,-72.0,-183.0,6.0,-22.0,-104.0,6
-36.0,-61.0,-41.0,-272.0,-72.0,-185.0,6.0,-24.0,-104.0,6
-41.0,-64.0,-41.0,-272.0,-72.0,-186.0,6.0,-24.0,-106.0,6
-37.0,-62.0,-41.0,-272.0,-70.0,-185.0,8.0,-24.0,-104.0,6
-37.0,-62.0,-41.0,-271.0,-68.0,-185.0,9.0,-23.0,-104.0,6
-36.0,-61.0,-41.0,-271.0,-68.0,-185.0,9.0,-22.0,-104.0,6
-36.0,-61.0,-41.0,-271.0,-68.0,-185.0,11.0,-22.0,-103.0,6
-39.0,-59.0,-40.0,-272.0,-69.0,-184.0,9.0,-21.0,-104.0,6
-39.0,-59.0,-45.0,-272.0,-70.0,-187.0,8.0,-22.0,-109.0,6
-39.0,-59.0,-45.0,-272.0,-71.0,-187.0,7.0,-22.0,-109.0,6
-39.0,-61.0,-45.0,-272.0,-71.0,-187.0,7.0,-23.0,-109.0,6
-39.0,-62.0,-46.0,-272.0,-71.0,-187.0,7.0,-24.0,-109.0,6
-39.0,-62.0,-46.0,-272.0,-71.0,-187.0,8.0,-24.0,-108.0,6
-39.0,-62.0,-45.0,-272.0,-70.0,-185.0,9.0,-24.0,-106.0,6
-39.0,-62.0,-45.0,-272.0,-69.0,-184.0,9.0,-24.0,-105.0,6
-39.0,-62.0,-45.0,-271.0,-68.0,-184.0,9.0,-24.0,-105.0,6
-39.0,-61.0,-46.0,-271.0,-67.0,-187.0,11.0,-23.0,-107.0,6
-39.0,-63.0,-47.0,-271.0,-67.0,-190.0,11.0,-24.0,-108.0,6
-39.0,-66.0,-47.0,-271.0,-67.0,-191.0,9.0,-26.0,-109.0,6
-39.0,-66.0,-47.0,-272.0,-67.0,-191.0,9.0,-28.0,-109.0,6
-42.0,-68.0,-48.0,-272.0,-67.0,-191.0,9.0,-28.0,-109.0,6
-42.0,-68.0,-48.0,-272.0,-67.0,-191.0,11.0,-26.0,-109.0,6
-42.0,-68.0,-48.0,-272.0,-67.0,-191.0,11.0,-26.0,-108.0,6
-41.0,-68.0,-48.0,-272.0,-67.0,-191.0,11.0,-26.0,-108.0,6
-40.0,-66.0,-48.0,-272.0,-67.0,-191.0,11.0,-26.0,-108.0,6
-41.0,-68.0,-49.0,-271.0,-65.0,-193.0,12.0,-30.0,-108.0,6
-42.0,-69.0,-50.0,-271.0,-65.0,-193.0,11.0,-31.0,-108.0,6
-43.0,-69.0,-50.0,-271.0,-70.0,-193.0,11.0,-31.0,-108.0,6
-30.0,-46.0,-12.0,-317.0,-42.0,-165.0,34.0,9.0,-73.0,7
-30.0,-46.0,-12.0,-317.0,-42.0,-165.0,34.0,9.0,-73.0,7
-30.0,-46.0,-12.0,-317.0,-42.0,-165.0,34.0,9.0,-73.0,7
-30.0,-46.0,-12.0,-317.0,-42.0,-165.0,34.0,9.0,-73.0,7
-30.0,-46.0,-11.0,-317.0,-42.0,-165.0,35.0,9.0,-73.0,7
-31.0,-47.0,-12.0,-325.0,-43.0,-166.0,34.0,10.0,-74.0,7
-31.0,-47.0,-13.0,-326.0,-44.0,-168.0,34.0,10.0,-75.0,7
-33.0,-47.0,-14.0,-329.0,-45.0,-169.0,33.0,9.0,-75.0,7
-33.0,-50.0,-14.0,-330.0,-45.0,-169.0,33.0,9.0,-77.0,7
-34.0,-50.0,-14.0,-331.0,-45.0,-170.0,33.0,9.0,-78.0,7
-34.0,-47.0,-13.0,-330.0,-45.0,-169.0,33.0,9.0,-78.0,7
-34.0,-47.0,-13.0,-329.0,-44.0,-169.0,33.0,10.0,-78.0,7
-33.0,-47.0,-13.0,-329.0,-44.0,-169.0,33.0,12.0,-78.0,7
-33.0,-47.0,-13.0,-329.0,-43.0,-169.0,34.0,12.0,-78.0,7
-35.0,-50.0,-13.0,-328.0,-44.0,-168.0,34.0,9.0,-77.0,7
-35.0,-51.0,-13.0,-330.0,-44.0,-168.0,33.0,9.0,-78.0,7
-36.0,-51.0,-14.0,-330.0,-46.0,-169.0,32.0,9.0,-80.0,7
-37.0,-51.0,-16.0,-330.0,-46.0,-169.0,32.0,9.0,-80.0,7
-37.0,-51.0,-16.0,-330.0,-47.0,-169.0,32.0,9.0,-80.0,7
-36.0,-51.0,-15.0,-330.0,-47.0,-169.0,32.0,9.0,-80.0,7
-35.0,-51.0,-14.0,-328.0,-47.0,-168.0,32.0,10.0,-80.0,7
-35.0,-50.0,-14.0,-328.0,-47.0,-168.0,33.0,13.0,-80.0,7
-34.0,-49.0,-14.0,-320.0,-47.0,-168.0,33.0,13.0,-80.0,7
-26.0,-49.0,-15.0,-325.0,-49.0,-168.0,32.0,13.0,-82.0,7
-28.0,-50.0,-15.0,-325.0,-49.0,-168.0,32.0,13.0,-83.0,7
-30.0,-50.0,-16.0,-326.0,-49.0,-169.0,31.0,13.0,-84.0,7
-34.0,-50.0,-16.0,-326.0,-49.0,-169.0,31.0,13.0,-84.0,7
-35.0,-50.0,-16.0,-326.0,-49.0,-171.0,31.0,9.0,-84.0,7
-35.0,-50.0,-16.0,-325.0,-49.0,-171.0,32.0,12.0,-84.0,7
-35.0,-50.0,-16.0,-325.0,-49.0,-169.0,33.0,12.0,-83.0,7
-35.0,-50.0,-16.0,-325.0,-49.0,-168.0,34.0,12.0,-83.0,7
-35.0,-50.0,-16.0,-324.0,-48.0,-168.0,36.0,12.0,-83.0,7
-38.0,-51.0,-17.0,-324.0,-48.0,-171.0,34.0,8.0,-83.0,7
-39.0,-52.0,-23.0,-325.0,-48.0,-171.0,34.0,8.0,-83.0,7
-40.0,-55.0,-23.0,-326.0,-48.0,-171.0,34.0,7.0,-83.0,7
-40.0,-55.0,-23.0,-326.0,-48.0,-172.0,34.0,6.0,-83.0,7
-40.0,-55.0,-23.0,-326.0,-48.0,-172.0,32.0,6.0,-83.0,7
-39.0,-52.0,-23.0,-325.0,-48.0,-172.0,34.0,6.0,-81.0,7
-38.0,-52.0,-23.0,-324.0,-48.0,-172.0,34.0,6.0,-80.0,7
-38.0,-51.0,-21.0,-323.0,-48.0,-172.0,34.0,7.0,-80.0,7
-34.0,-51.0,-20.0,-322.0,-48.0,-171.0,35.0,8.0,-80.0,7
-34.0,-50.0,-18.0,-318.0,-48.0,-171.0,37.0,8.0,-82.0,7
-34.0,-50.0,-18.0,-322.0,-48.0,-171.0,34.0,8.0,-82.0,7
-34.0,-50.0,-18.0,-322.0,-48.0,-171.0,34.0,8.0,-83.0,7
-34.0,-51.0,-18.0,-322.0,-49.0,-171.0,34.0,8.0,-83.0,7
-34.0,-52.0,-21.0,-322.0,-49.0,-171.0,32.0,8.0,-84.0,7
-31.0,-51.0,-18.0,-318.0,-49.0,-169.0,34.0,9.0,-83.0,7
-29.0,-50.0,-18.0,-316.0,-49.0,-169.0,34.0,11.0,-83.0,7
-27.0,-48.0,-17.0,-312.0,-49.0,-168.0,36.0,11.0,-83.0,7
-27.0,-48.0,-17.0,-312.0,-49.0,-168.0,36.0,12.0,-83.0,7
-11.0,7.0,35.0,-164.0,-49.0,-35.0,57.0,21.0,-104.0,8
-3.0,10.0,35.0,-163.0,-49.0,-31.0,57.0,26.0,-103.0,8
1.0,12.0,36.0,-163.0,-49.0,-31.0,57.0,27.0,-103.0,8
1.0,12.0,36.0,-163.0,-49.0,-31.0,58.0,27.0,-100.0,8
1.0,12.0,36.0,-163.0,-48.0,-30.0,58.0,27.0,-100.0,8
-4.0,14.0,37.0,-165.0,-48.0,-31.0,58.0,28.0,-98.0,8
-8.0,11.0,37.0,-178.0,-49.0,-33.0,58.0,27.0,-98.0,8
-8.0,11.0,37.0,-179.0,-49.0,-35.0,58.0,27.0,-98.0,8
-8.0,11.0,35.0,-180.0,-50.0,-35.0,58.0,27.0,-98.0,8
-8.0,11.0,35.0,-183.0,-51.0,-36.0,58.0,27.0,-98.0,8
-8.0,11.0,36.0,-180.0,-51.0,-35.0,58.0,27.0,-98.0,8
-5.0,13.0,36.0,-180.0,-50.0,-35.0,58.0,28.0,-98.0,8
-5.0,14.0,37.0,-179.0,-50.0,-34.0,58.0,29.0,-98.0,8
-4.0,15.0,37.0,-179.0,-50.0,-34.0,59.0,30.0,-98.0,8
-2.0,16.0,37.0,-179.0,-50.0,-33.0,59.0,35.0,-101.0,8
-2.0,16.0,37.0,-179.0,-50.0,-33.0,59.0,35.0,-101.0,8
-2.0,14.0,37.0,-179.0,-51.0,-33.0,59.0,35.0,-101.0,8
-2.0,14.0,35.0,-179.0,-51.0,-33.0,59.0,35.0,-101.0,8
-2.0,14.0,35.0,-179.0,-52.0,-33.0,58.0,35.0,-103.0,8
1.0,16.0,35.0,-177.0,-52.0,-33.0,58.0,35.0,-101.0,8
1.0,16.0,35.0,-171.0,-51.0,-31.0,58.0,36.0,-101.0,8
4.0,16.0,35.0,-170.0,-50.0,-30.0,59.0,36.0,-101.0,8
4.0,18.0,35.0,-168.0,-50.0,-29.0,60.0,36.0,-101.0,8
1.0,16.0,36.0,-167.0,-48.0,-30.0,59.0,35.0,-101.0,8
1.0,16.0,35.0,-167.0,-51.0,-33.0,59.0,35.0,-103.0,8
1.0,16.0,35.0,-167.0,-51.0,-36.0,57.0,34.0,-103.0,8
1.0,16.0,35.0,-167.0,-51.0,-36.0,57.0,34.0,-105.0,8
4.0,16.0,36.0,-160.0,-52.0,-33.0,55.0,37.0,-106.0,8
7.0,20.0,36.0,-151.0,-52.0,-33.0,55.0,42.0,-106.0,8
9.0,21.0,36.0,-149.0,-51.0,-32.0,57.0,42.0,-105.0,8
7.0,20.0,35.0,-149.0,-51.0,-30.0,57.0,36.0,-103.0,8
3.0,17.0,33.0,-151.0,-51.0,-30.0,57.0,35.0,-103.0,8
1.0,16.0,33.0,-154.0,-52.0,-30.0,57.0,35.0,-103.0,8
1.0,16.0,33.0,-154.0,-54.0,-30.0,57.0,35.0,-103.0,8
1.0,16.0,30.0,-154.0,-54.0,-30.0,57.0,35.0,-106.0,8
3.0,17.0,33.0,-154.0,-52.0,-30.0,57.0,35.0,-103.0,8
3.0,17.0,33.0,-154.0,-52.0,-30.0,59.0,35.0,-102.0,8
3.0,17.0,33.0,-154.0,-51.0,-30.0,60.0,36.0,-101.0,8
3.0,18.0,33.0,-151.0,-50.0,-29.0,60.0,36.0,-101.0,8
1.0,17.0,31.0,-149.0,-49.0,-28.0,61.0,35.0,-101.0,8
1.0,16.0,30.0,-149.0,-51.0,-30.0,61.0,35.0,-103.0,8
1.0,15.0,30.0,-150.0,-51.0,-31.0,61.0,35.0,-106.0,8
-1.0,15.0,29.0,-154.0,-52.0,-31.0,61.0,35.0,-108.0,8
-1.0,15.0,29.0,-154.0,-55.0,-31.0,61.0,35.0,-108.0,8
1.0,16.0,29.0,-152.0,-55.0,-31.0,61.0,36.0,-108.0,8
1.0,17.0,29.0,-152.0,-55.0,-31.0,61.0,36.0,-108.0,8
1.0,17.0,29.0,-152.0,-55.0,-31.0,61.0,36.0,-108.0,8
1.0,17.0,29.0,-152.0,-52.0,-31.0,62.0,36.0,-106.0,8
0.0,14.0,27.0,-154.0,-55.0,-33.0,61.0,32.0,-105.0,8
0.0,13.0,26.0,-154.0,-55.0,-33.0,61.0,31.0,-105.0,8
108.0,33.0,35.0,-140.0,24.0,-59.0,95.0,53.0,-39.0,9
109.0,34.0,35.0,-139.0,24.0,-57.0,95.0,54.0,-39.0,9
109.0,35.0,35.0,-139.0,24.0,-56.0,95.0,54.0,-39.0,9
107.0,34.0,36.0,-140.0,26.0,-55.0,95.0,55.0,-39.0,9
106.0,33.0,36.0,-140.0,26.0,-55.0,93.0,54.0,-39.0,9
105.0,33.0,36.0,-141.0,26.0,-57.0,92.0,52.0,-39.0,9
98.0,30.0,35.0,-143.0,24.0,-57.0,92.0,52.0,-39.0,9
98.0,30.0,35.0,-147.0,24.0,-57.0,92.0,52.0,-39.0,9
99.0,30.0,38.0,-150.0,23.0,-58.0,89.0,54.0,-38.0,9
102.0,30.0,39.0,-150.0,23.0,-57.0,89.0,54.0,-37.0,9
99.0,28.0,40.0,-150.0,23.0,-56.0,89.0,55.0,-38.0,9
99.0,28.0,40.0,-150.0,23.0,-58.0,89.0,53.0,-38.0,9
99.0,28.0,38.0,-151.0,20.0,-58.0,88.0,53.0,-40.0,9
99.0,28.0,38.0,-151.0,19.0,-58.0,88.0,53.0,-41.0,9
99.0,28.0,38.0,-151.0,18.0,-58.0,87.0,52.0,-42.0,9
100.0,28.0,40.0,-151.0,19.0,-57.0,88.0,52.0,-41.0,9
100.0,28.0,40.0,-151.0,20.0,-57.0,88.0,52.0,-41.0,9
100.0,28.0,40.0,-151.0,20.0,-57.0,88.0,52.0,-40.0,9
101.0,28.0,40.0,-151.0,21.0,-57.0,88.0,52.0,-40.0,9
100.0,28.0,40.0,-155.0,20.0,-57.0,87.0,50.0,-41.0,9
97.0,26.0,40.0,-158.0,18.0,-58.0,85.0,49.0,-44.0,9
95.0,26.0,39.0,-158.0,17.0,-58.0,82.0,49.0,-46.0,9
96.0,26.0,39.0,-158.0,17.0,-58.0,85.0,49.0,-46.0,9
96.0,27.0,40.0,-158.0,17.0,-58.0,85.0,50.0,-44.0,9
96.0,27.0,40.0,-158.0,17.0,-58.0,85.0,50.0,-43.0,9
96.0,27.0,40.0,-158.0,18.0,-58.0,85.0,50.0,-43.0,9
96.0,26.0,39.0,-158.0,17.0,-58.0,85.0,50.0,-45.0,9
94.0,25.0,38.0,-161.0,15.0,-58.0,85.0,50.0,-45.0,9
94.0,25.0,38.0,-161.0,15.0,-59.0,85.0,50.0,-45.0,9
94.0,24.0,38.0,-161.0,15.0,-59.0,85.0,49.0,-45.0,9
92.0,24.0,38.0,-163.0,15.0,-59.0,84.0,49.0,-45.0,9
92.0,24.0,38.0,-161.0,15.0,-59.0,84.0,49.0,-45.0,9
93.0,20.0,39.0,-165.0,13.0,-59.0,82.0,49.0,-46.0,9
93.0,20.0,38.0,-165.0,12.0,-60.0,82.0,47.0,-46.0,9
93.0,20.0,38.0,-165.0,12.0,-60.0,81.0,46.0,-46.0,9
93.0,20.0,38.0,-165.0,13.0,-60.0,82.0,46.0,-46.0,9
93.0,20.0,38.0,-165.0,13.0,-59.0,82.0,46.0,-45.0,9
93.0,20.0,39.0,-165.0,13.0,-59.0,82.0,46.0,-44.0,9
93.0,20.0,39.0,-165.0,13.0,-59.0,82.0,46.0,-44.0,9
90.0,17.0,39.0,-167.0,13.0,-60.0,81.0,47.0,-44.0,9
89.0,16.0,38.0,-171.0,13.0,-60.0,80.0,44.0,-44.0,9
87.0,16.0,38.0,-171.0,13.0,-60.0,80.0,42.0,-45.0,9
88.0,16.0,38.0,-173.0,13.0,-60.0,79.0,43.0,-45.0,9
86.0,16.0,37.0,-173.0,13.0,-60.0,79.0,42.0,-45.0,9
86.0,16.0,37.0,-173.0,13.0,-60.0,79.0,42.0,-45.0,9
87.0,16.0,38.0,-171.0,13.0,-59.0,79.0,43.0,-43.0,9
87.0,16.0,38.0,-170.0,14.0,-59.0,79.0,45.0,-41.0,9
87.0,16.0,39.0,-170.0,15.0,-55.0,79.0,45.0,-41.0,9
87.0,16.0,41.0,-168.0,15.0,-55.0,79.0,45.0,-41.0,9
84.0,15.0,39.0,-167.0,13.0,-55.0,79.0,43.0,-41.0,9
-23.0,-29.0,-28.0,-20.0,-20.0,-28.0,-13.0,-19.0,-25.0,10
-22.0,-29.0,-28.0,-19.0,-20.0,-27.0,-13.0,-18.0,-25.0,10
-22.0,-29.0,-28.0,-20.0,-19.0,-28.0,-12.0,-18.0,-25.0,10
-22.0,-30.0,-29.0,-20.0,-19.0,-28.0,-12.0,-18.0,-25.0,10
-22.0,-30.0,-29.0,-20.0,-19.0,-28.0,-12.0,-18.0,-25.0,10
-22.0,-30.0,-29.0,-20.0,-19.0,-28.0,-12.0,-18.0,-26.0,10
-22.0,-31.0,-29.0,-21.0,-19.0,-28.0,-12.0,-18.0,-26.0,10
-22.0,-30.0,-29.0,-20.0,-19.0,-27.0,-10.0,-17.0,-25.0,10
-20.0,-30.0,-29.0,-20.0,-17.0,-27.0,-9.0,-17.0,-25.0,10
-20.0,-30.0,-29.0,-20.0,-16.0,-27.0,-9.0,-17.0,-25.0,10
-20.0,-30.0,-28.0,-17.0,-14.0,-27.0,-8.0,-16.0,-24.0,10
-19.0,-30.0,-28.0,-14.0,-13.0,-28.0,-7.0,-17.0,-24.0,10
-20.0,-30.0,-29.0,-14.0,-13.0,-28.0,-7.0,-17.0,-25.0,10
-20.0,-30.0,-29.0,-18.0,-14.0,-28.0,-7.0,-18.0,-25.0,10
-20.0,-30.0,-29.0,-18.0,-14.0,-28.0,-7.0,-18.0,-25.0,10
-20.0,-30.0,-29.0,-18.0,-15.0,-28.0,-7.0,-19.0,-25.0,10
-20.0,-30.0,-29.0,-14.0,-14.0,-28.0,-7.0,-19.0,-25.0,10
-19.0,-30.0,-29.0,-14.0,-14.0,-28.0,-6.0,-18.0,-25.0,10
-19.0,-30.0,-29.0,-13.0,-13.0,-28.0,-5.0,-18.0,-25.0,10
-19.0,-30.0,-29.0,-11.0,-13.0,-28.0,-4.0,-18.0,-25.0,10
-19.0,-30.0,-28.0,-11.0,-12.0,-28.0,-2.0,-18.0,-25.0,10
-19.0,-30.0,-29.0,-13.0,-12.0,-28.0,-2.0,-20.0,-25.0,10
-19.0,-30.0,-29.0,-14.0,-12.0,-28.0,-5.0,-20.0,-26.0,10
-19.0,-30.0,-29.0,-14.0,-13.0,-28.0,-5.0,-20.0,-26.0,10
-16.0,-28.0,-30.0,-10.0,-8.0,-27.0,2.0,-19.0,-26.0,10
-15.0,-28.0,-30.0,-8.0,-7.0,-26.0,3.0,-17.0,-24.0,10
-15.0,-28.0,-30.0,-6.0,-7.0,-25.0,4.0,-17.0,-23.0,10
-13.0,-28.0,-28.0,-5.0,-5.0,-24.0,5.0,-16.0,-22.0,10
-11.0,-27.0,-28.0,-2.0,-4.0,-24.0,6.0,-16.0,-21.0,10
-11.0,-27.0,-26.0,-5.0,-3.0,-24.0,6.0,-15.0,-21.0,10
-11.0,-27.0,-28.0,-5.0,-3.0,-24.0,6.0,-15.0,-21.0,10
-11.0,-27.0,-28.0,-5.0,-3.0,-24.0,6.0,-15.0,-21.0,10
-11.0,-26.0,-28.0,-5.0,-3.0,-24.0,7.0,-13.0,-20.0,10
-10.0,-26.0,-26.0,-2.0,-2.0,-24.0,7.0,-13.0,-19.0,10
-10.0,-26.0,-26.0,-2.0,0.0,-24.0,8.0,-13.0,-18.0,10
-9.0,-25.0,-25.0,-1.0,0.0,-22.0,8.0,-13.0,-17.0,10
-9.0,-24.0,-23.0,0.0,0.0,-22.0,8.0,-12.0,-16.0,10
-9.0,-24.0,-23.0,0.0,0.0,-22.0,8.0,-15.0,-16.0,10
-9.0,-24.0,-23.0,0.0,0.0,-22.0,7.0,-15.0,-18.0,10
-9.0,-24.0,-23.0,0.0,0.0,-22.0,6.0,-15.0,-18.0,10
-10.0,-24.0,-23.0,0.0,0.0,-22.0,6.0,-15.0,-18.0,10
-9.0,-24.0,-23.0,1.0,0.0,-20.0,6.0,-13.0,-16.0,10
-8.0,-24.0,-23.0,1.0,0.0,-19.0,7.0,-12.0,-16.0,10
-8.0,-23.0,-23.0,1.0,0.0,-18.0,8.0,-10.0,-15.0,10
-7.0,-23.0,-23.0,1.0,1.0,-18.0,8.0,-9.0,-15.0,10
-8.0,-22.0,-23.0,0.0,0.0,-18.0,8.0,-10.0,-14.0,10
-9.0,-22.0,-23.0,-2.0,0.0,-18.0,8.0,-10.0,-15.0,10
-9.0,-22.0,-23.0,-2.0,0.0,-18.0,7.0,-10.0,-16.0,10
-9.0,-22.0,-24.0,-2.0,0.0,-18.0,6.0,-12.0,-16.0,10
-9.0,-22.0,-24.0,-2.0,-1.0,-18.0,6.0,-12.0,-18.0,10
-39.0,-65.0,-51.0,-4.0,4.0,-75.0,31.0,-33.0,-49.0,0
-39.0,-65.0,-51.0,-4.0,4.0,-75.0,31.0,-33.0,-50.0,0
-39.0,-65.0,-51.0,-5.0,4.0,-75.0,31.0,-33.0,-51.0,0
-39.0,-65.0,-52.0,-5.0,3.0,-75.0,29.0,-33.0,-51.0,0
-38.0,-65.0,-51.0,-4.0,3.0,-75.0,31.0,-33.0,-50.0,0
-38.0,-62.0,-51.0,-2.0,4.0,-75.0,31.0,-33.0,-50.0,0
-37.0,-62.0,-50.0,-1.0,4.0,-75.0,31.0,-33.0,-49.0,0
-37.0,-62.0,-49.0,-1.0,4.0,-74.0,31.0,-33.0,-49.0,0
-37.0,-62.0,-50.0,0.0,4.0,-75.0,30.0,-34.0,-49.0,0
-37.0,-63.0,-50.0,-1.0,2.0,-75.0,29.0,-34.0,-51.0,0
-37.0,-64.0,-50.0,-1.0,2.0,-75.0,29.0,-34.0,-51.0,0
-37.0,-65.0,-50.0,-1.0,2.0,-75.0,29.0,-34.0,-51.0,0
-37.0,-65.0,-51.0,-1.0,0.0,-76.0,29.0,-34.0,-51.0,0
-37.0,-65.0,-51.0,0.0,2.0,-75.0,29.0,-34.0,-51.0,0
-35.0,-64.0,-51.0,0.0,2.0,-75.0,29.0,-32.0,-51.0,0
-35.0,-63.0,-51.0,0.0,2.0,-75.0,30.0,-31.0,-51.0,0
-34.0,-63.0,-51.0,0.0,2.0,-75.0,30.0,-29.0,-51.0,0
-34.0,-63.0,-50.0,-3.0,0.0,-75.0,30.0,-29.0,-49.0,0
-35.0,-63.0,-51.0,-4.0,0.0,-75.0,30.0,-29.0,-51.0,0
-35.0,-65.0,-52.0,-5.0,-2.0,-76.0,30.0,-29.0,-52.0,0
-37.0,-65.0,-52.0,-5.0,-2.0,-78.0,30.0,-31.0,-52.0,0
-37.0,-66.0,-53.0,-5.0,-2.0,-78.0,30.0,-34.0,-52.0,0
-37.0,-66.0,-53.0,-5.0,0.0,-78.0,30.0,-34.0,-51.0,0
-37.0,-66.0,-53.0,-5.0,1.0,-78.0,30.0,-34.0,-51.0,0
-37.0,-66.0,-53.0,-5.0,2.0,-78.0,31.0,-34.0,-49.0,0
-37.0,-66.0,-53.0,-5.0,3.0,-78.0,32.0,-34.0,-48.0,0
-42.0,-70.0,-54.0,-9.0,4.0,-80.0,32.0,-35.0,-46.0,0
-43.0,-71.0,-54.0,-11.0,2.0,-82.0,32.0,-36.0,-47.0,0
-45.0,-71.0,-54.0,-11.0,0.0,-83.0,31.0,-38.0,-49.0,0
-46.0,-71.0,-55.0,-12.0,0.0,-86.0,31.0,-38.0,-49.0,0
-46.0,-73.0,-55.0,-14.0,0.0,-86.0,31.0,-38.0,-49.0,0
-46.0,-72.0,-55.0,-14.0,2.0,-85.0,32.0,-38.0,-49.0,0
-46.0,-72.0,-55.0,-14.0,2.0,-85.0,32.0,-37.0,-48.0,0
-45.0,-72.0,-55.0,-14.0,3.0,-85.0,33.0,-37.0,-47.0,0
-43.0,-71.0,-55.0,-14.0,3.0,-85.0,34.0,-37.0,-47.0,0
-43.0,-71.0,-55.0,-16.0,4.0,-89.0,33.0,-37.0,-47.0,0
-43.0,-71.0,-57.0,-17.0,2.0,-89.0,33.0,-38.0,-47.0,0
-45.0,-72.0,-57.0,-17.0,2.0,-89.0,33.0,-39.0,-47.0,0
-45.0,-73.0,-58.0,-17.0,2.0,-89.0,33.0,-39.0,-47.0,0
-45.0,-73.0,-58.0,-18.0,2.0,-89.0,33.0,-40.0,-49.0,0
-45.0,-73.0,-58.0,-17.0,2.0,-89.0,33.0,-40.0,-47.0,0
-45.0,-73.0,-57.0,-17.0,3.0,-87.0,34.0,-40.0,-46.0,0
-45.0,-73.0,-57.0,-17.0,4.0,-87.0,35.0,-40.0,-46.0,0
-45.0,-73.0,-57.0,-17.0,4.0,-87.0,36.0,-40.0,-43.0,0
-51.0,-75.0,-57.0,-17.0,5.0,-90.0,37.0,-44.0,-45.0,0
-51.0,-78.0,-57.0,-20.0,5.0,-90.0,35.0,-44.0,-45.0,0
-53.0,-78.0,-58.0,-20.0,4.0,-91.0,35.0,-45.0,-45.0,0
-53.0,-78.0,-58.0,-22.0,3.0,-91.0,35.0,-45.0,-46.0,0
-53.0,-78.0,-58.0,-23.0,2.0,-91.0,35.0,-45.0,-46.0,0
-51.0,-78.0,-58.0,-23.0,3.0,-91.0,35.0,-45.0,-46.0,0
-38.0,-53.0,-94.0,-200.0,-14.0,-191.0,56.0,8.0,-71.0,1
-37.0,-53.0,-94.0,-200.0,-14.0,-191.0,56.0,8.0,-71.0,1
-37.0,-53.0,-94.0,-200.0,-14.0,-191.0,59.0,8.0,-71.0,1
-38.0,-59.0,-94.0,-206.0,-14.0,-192.0,59.0,5.0,-72.0,1
-44.0,-60.0,-94.0,-206.0,-14.0,-193.0,56.0,3.0,-72.0,1
-45.0,-60.0,-94.0,-207.0,-15.0,-193.0,56.0,1.0,-72.0,1
-47.0,-64.0,-95.0,-213.0,-15.0,-193.0,56.0,1.0,-72.0,1
-47.0,-64.0,-96.0,-216.0,-16.0,-193.0,56.0,0.0,-73.0,1
-47.0,-64.0,-95.0,-216.0,-15.0,-193.0,56.0,0.0,-72.0,1
-47.0,-64.0,-94.0,-216.0,-15.0,-193.0,56.0,1.0,-72.0,1
-47.0,-64.0,-94.0,-216.0,-15.0,-193.0,56.0,1.0,-72.0,1
-47.0,-64.0,-94.0,-214.0,-14.0,-193.0,56.0,1.0,-71.0,1
-48.0,-65.0,-94.0,-216.0,-15.0,-194.0,59.0,-2.0,-72.0,1
-51.0,-66.0,-95.0,-216.0,-15.0,-195.0,58.0,-2.0,-72.0,1
-51.0,-66.0,-95.0,-218.0,-15.0,-196.0,55.0,-2.0,-72.0,1
-51.0,-66.0,-95.0,-218.0,-15.0,-200.0,55.0,-2.0,-73.0,1
-51.0,-66.0,-95.0,-218.0,-15.0,-200.0,55.0,-2.0,-73.0,1
-51.0,-66.0,-95.0,-218.0,-15.0,-200.0,57.0,-2.0,-72.0,1
-50.0,-65.0,-95.0,-218.0,-15.0,-199.0,58.0,-2.0,-72.0,1
-50.0,-65.0,-95.0,-218.0,-15.0,-199.0,58.0,-2.0,-72.0,1
-50.0,-65.0,-95.0,-218.0,-13.0,-199.0,58.0,-2.0,-72.0,1
-51.0,-66.0,-95.0,-219.0,-14.0,-199.0,58.0,-2.0,-71.0,1
-52.0,-67.0,-97.0,-219.0,-14.0,-199.0,58.0,-2.0,-72.0,1
-52.0,-68.0,-97.0,-219.0,-14.0,-199.0,58.0,-3.0,-72.0,1
-54.0,-70.0,-97.0,-220.0,-15.0,-199.0,58.0,-4.0,-72.0,1
-54.0,-71.0,-97.0,-222.0,-15.0,-199.0,58.0,-4.0,-73.0,1
-54.0,-71.0,-97.0,-222.0,-14.0,-198.0,58.0,-4.0,-72.0,1
-54.0,-70.0,-96.0,-220.0,-12.0,-198.0,58.0,-4.0,-71.0,1
-53.0,-70.0,-96.0,-220.0,-12.0,-197.0,59.0,-4.0,-71.0,1
-53.0,-68.0,-96.0,-219.0,-12.0,-197.0,59.0,-4.0,-70.0,1
-53.0,-67.0,-95.0,-220.0,-14.0,-199.0,58.0,-4.0,-71.0,1
-53.0,-67.0,-97.0,-220.0,-14.0,-199.0,57.0,-4.0,-71.0,1
-53.0,-67.0,-97.0,-222.0,-14.0,-200.0,57.0,-4.0,-71.0,1
-53.0,-67.0,-97.0,-223.0,-15.0,-200.0,57.0,-4.0,-72.0,1
-54.0,-70.0,-97.0,-225.0,-15.0,-200.0,57.0,-4.0,-72.0,1
-53.0,-67.0,-97.0,-225.0,-14.0,-200.0,57.0,-4.0,-71.0,1
-52.0,-67.0,-97.0,-225.0,-14.0,-200.0,57.0,-4.0,-69.0,1
-52.0,-67.0,-97.0,-225.0,-14.0,-200.0,57.0,-4.0,-68.0,1
-51.0,-67.0,-97.0,-223.0,-14.0,-199.0,57.0,-4.0,-68.0,1
-52.0,-67.0,-97.0,-224.0,-14.0,-199.0,57.0,-6.0,-67.0,1
-54.0,-70.0,-98.0,-225.0,-14.0,-199.0,56.0,-7.0,-71.0,1
-54.0,-72.0,-98.0,-226.0,-14.0,-199.0,56.0,-7.0,-71.0,1
-54.0,-72.0,-98.0,-226.0,-16.0,-199.0,56.0,-7.0,-71.0,1
-55.0,-72.0,-98.0,-226.0,-16.0,-200.0,55.0,-7.0,-71.0,1
-54.0,-72.0,-98.0,-226.0,-16.0,-199.0,56.0,-7.0,-71.0,1
-52.0,-70.0,-98.0,-225.0,-16.0,-199.0,56.0,-7.0,-71.0,1
-50.0,-69.0,-98.0,-225.0,-16.0,-199.0,56.0,-6.0,-71.0,1
-49.0,-67.0,-98.0,-225.0,-16.0,-198.0,56.0,-6.0,-71.0,1
-49.0,-65.0,-98.0,-225.0,-17.0,-199.0,56.0,-6.0,-72.0,1
-49.0,-68.0,-100.0,-226.0,-17.0,-199.0,56.0,-6.0,-72.0,1
-33.0,-31.0,-150.0,-210.0,-29.0,-239.0,45.0,31.0,-135.0,2
-33.0,-31.0,-149.0,-210.0,-28.0,-239.0,45.0,32.0,-135.0,2
-33.0,-29.0,-149.0,-210.0,-29.0,-238.0,45.0,32.0,-135.0,2
-33.0,-29.0,-149.0,-211.0,-32.0,-238.0,45.0,32.0,-136.0,2
-33.0,-29.0,-149.0,-211.0,-32.0,-238.0,44.0,32.0,-136.0,2
-33.0,-29.0,-149.0,-211.0,-32.0,-238.0,43.0,31.0,-136.0,2
-33.0,-29.0,-149.0,-211.0,-32.0,-238.0,43.0,31.0,-137.0,2
-27.0,-25.0,-149.0,-210.0,-32.0,-237.0,43.0,32.0,-137.0,2
-25.0,-24.0,-148.0,-210.0,-32.0,-235.0,44.0,38.0,-137.0,2
-23.0,-24.0,-148.0,-210.0,-32.0,-232.0,45.0,38.0,-137.0,2
-22.0,-18.0,-147.0,-209.0,-32.0,-231.0,45.0,40.0,-137.0,2
-21.0,-17.0,-146.0,-206.0,-33.0,-229.0,45.0,40.0,-139.0,2
-21.0,-20.0,-148.0,-209.0,-38.0,-229.0,43.0,40.0,-139.0,2
-21.0,-20.0,-149.0,-210.0,-39.0,-229.0,42.0,40.0,-139.0,2
-21.0,-20.0,-149.0,-210.0,-39.0,-230.0,42.0,40.0,-139.0,2
-21.0,-20.0,-149.0,-210.0,-39.0,-230.0,42.0,40.0,-140.0,2
-19.0,-17.0,-148.0,-210.0,-39.0,-230.0,42.0,42.0,-139.0,2
-19.0,-16.0,-146.0,-210.0,-39.0,-230.0,42.0,48.0,-139.0,2
-18.0,-14.0,-146.0,-209.0,-39.0,-230.0,42.0,49.0,-139.0,2
-18.0,-14.0,-146.0,-208.0,-39.0,-230.0,42.0,49.0,-139.0,2
-17.0,-14.0,-144.0,-209.0,-41.0,-229.0,41.0,49.0,-138.0,2
-17.0,-14.0,-144.0,-209.0,-41.0,-229.0,41.0,49.0,-138.0,2
-18.0,-17.0,-144.0,-209.0,-42.0,-230.0,41.0,45.0,-139.0,2
-21.0,-17.0,-146.0,-210.0,-42.0,-230.0,39.0,45.0,-139.0,2
-21.0,-17.0,-146.0,-210.0,-42.0,-230.0,39.0,42.0,-139.0,2
-21.0,-16.0,-146.0,-210.0,-42.0,-229.0,39.0,42.0,-138.0,2
-21.0,-16.0,-144.0,-209.0,-41.0,-228.0,39.0,43.0,-136.0,2
-21.0,-16.0,-142.0,-209.0,-41.0,-226.0,39.0,45.0,-135.0,2
-21.0,-16.0,-142.0,-209.0,-41.0,-225.0,40.0,46.0,-135.0,2
-19.0,-16.0,-142.0,-209.0,-42.0,-225.0,41.0,47.0,-134.0,2
-21.0,-18.0,-142.0,-210.0,-44.0,-226.0,39.0,46.0,-135.0,2
-21.0,-19.0,-142.0,-210.0,-44.0,-227.0,39.0,46.0,-135.0,2
-21.0,-19.0,-146.0,-210.0,-44.0,-227.0,39.0,45.0,-135.0,2
-21.0,-20.0,-146.0,-214.0,-44.0,-227.0,39.0,43.0,-136.0,2
-21.0,-20.0,-146.0,-214.0,-44.0,-227.0,39.0,45.0,-135.0,2
-21.0,-20.0,-145.0,-214.0,-44.0,-227.0,39.0,45.0,-135.0,2
-21.0,-20.0,-145.0,-214.0,-44.0,-227.0,39.0,45.0,-135.0,2
-21.0,-19.0,-145.0,-214.0,-44.0,-227.0,39.0,45.0,-135.0,2
-24.0,-20.0,-142.0,-214.0,-45.0,-229.0,39.0,41.0,-135.0,2
-24.0,-21.0,-147.0,-216.0,-45.0,-229.0,38.0,39.0,-137.0,2
-27.0,-23.0,-148.0,-219.0,-45.0,-229.0,37.0,39.0,-137.0,2
-27.0,-24.0,-148.0,-219.0,-45.0,-230.0,37.0,36.0,-138.0,2
-27.0,-27.0,-148.0,-219.0,-45.0,-230.0,37.0,36.0,-138.0,2
-27.0,-25.0,-148.0,-219.0,-45.0,-230.0,38.0,38.0,-137.0,2
-27.0,-24.0,-147.0,-219.0,-45.0,-229.0,38.0,38.0,-136.0,2
-27.0,-23.0,-147.0,-219.0,-45.0,-229.0,38.0,38.0,-136.0,2
-26.0,-23.0,-147.0,-219.0,-45.0,-229.0,38.0,39.0,-136.0,2
-27.0,-23.0,-147.0,-219.0,-46.0,-230.0,38.0,39.0,-137.0,2
-27.0,-23.0,-147.0,-219.0,-46.0,-231.0,38.0,39.0,-137.0,2
-27.0,-23.0,-147.0,-222.0,-46.0,-232.0,36.0,38.0,-137.0,2
2.0,6.0,25.0,-130.0,-107.0,29.0,39.0,82.0,-164.0,3
2.0,6.0,25.0,-130.0,-112.0,29.0,37.0,82.0,-164.0,3
1.0,6.0,25.0,-132.0,-112.0,29.0,37.0,81.0,-164.0,3
1.0,6.0,27.0,-130.0,-107.0,31.0,39.0,81.0,-164.0,3
1.0,6.0,28.0,-130.0,-107.0,35.0,39.0,81.0,-164.0,3
1.0,6.0,28.0,-130.0,-105.0,35.0,40.0,81.0,-163.0,3
2.0,6.0,29.0,-130.0,-105.0,37.0,40.0,82.0,-161.0,3
2.0,6.0,30.0,-130.0,-105.0,38.0,39.0,81.0,-163.0,3
2.0,6.0,30.0,-130.0,-105.0,38.0,39.0,81.0,-164.0,3
2.0,9.0,32.0,-129.0,-105.0,40.0,39.0,81.0,-164.0,3
3.0,5.0,38.0,-129.0,-105.0,46.0,47.0,78.0,-156.0,3
1.0,4.0,38.0,-133.0,-105.0,46.0,47.0,76.0,-156.0,3
0.0,4.0,38.0,-133.0,-105.0,46.0,47.0,74.0,-156.0,3
0.0,4.0,38.0,-133.0,-105.0,46.0,49.0,74.0,-153.0,3
0.0,4.0,41.0,-133.0,-103.0,48.0,52.0,74.0,-148.0,3
1.0,4.0,43.0,-131.0,-103.0,51.0,52.0,74.0,-146.0,3
1.0,4.0,43.0,-131.0,-102.0,52.0,52.0,74.0,-145.0,3
-2.0,3.0,43.0,-133.0,-102.0,52.0,55.0,71.0,-141.0,3
-2.0,3.0,43.0,-133.0,-102.0,52.0,55.0,71.0,-141.0,3
-2.0,2.0,42.0,-133.0,-103.0,52.0,54.0,71.0,-141.0,3
-2.0,2.0,42.0,-133.0,-104.0,51.0,50.0,71.0,-141.0,3
-2.0,2.0,42.0,-134.0,-104.0,51.0,50.0,70.0,-141.0,3
-2.0,3.0,43.0,-133.0,-104.0,52.0,50.0,71.0,-140.0,3
0.0,4.0,44.0,-133.0,-104.0,54.0,50.0,71.0,-139.0,3
1.0,5.0,48.0,-133.0,-104.0,54.0,50.0,72.0,-138.0,3
3.0,11.0,48.0,-133.0,-104.0,54.0,51.0,72.0,-138.0,3
5.0,11.0,48.0,-135.0,-108.0,52.0,50.0,74.0,-139.0,3
5.0,11.0,48.0,-136.0,-110.0,52.0,50.0,74.0,-140.0,3
1.0,8.0,48.0,-137.0,-110.0,49.0,50.0,74.0,-140.0,3
1.0,5.0,48.0,-137.0,-110.0,48.0,49.0,72.0,-140.0,3
-2.0,5.0,48.0,-137.0,-110.0,48.0,49.0,72.0,-140.0,3
1.0,5.0,48.0,-136.0,-108.0,48.0,50.0,72.0,-140.0,3
1.0,5.0,51.0,-135.0,-108.0,48.0,50.0,74.0,-140.0,3
3.0,8.0,51.0,-134.0,-102.0,48.0,53.0,74.0,-140.0,3
3.0,8.0,51.0,-134.0,-101.0,48.0,54.0,74.0,-140.0,3
1.0,5.0,50.0,-133.0,-100.0,48.0,53.0,71.0,-140.0,3
1.0,3.0,50.0,-136.0,-100.0,47.0,53.0,71.0,-140.0,3
1.0,3.0,50.0,-136.0,-102.0,45.0,53.0,70.0,-140.0,3
-1.0,3.0,50.0,-136.0,-102.0,44.0,51.0,70.0,-140.0,3
-1.0,3.0,50.0,-136.0,-102.0,44.0,50.0,70.0,-140.0,3
1.0,5.0,50.0,-133.0,-102.0,45.0,51.0,70.0,-140.0,3
1.0,7.0,52.0,-131.0,-100.0,45.0,53.0,70.0,-137.0,3
2.0,8.0,52.0,-131.0,-100.0,46.0,53.0,71.0,-137.0,3
6.0,9.0,52.0,-131.0,-100.0,46.0,53.0,73.0,-137.0,3
2.0,10.0,53.0,-131.0,-101.0,47.0,53.0,74.0,-136.0,3
2.0,10.0,53.0,-131.0,-102.0,47.0,53.0,74.0,-136.0,3
2.0,10.0,53.0,-133.0,-102.0,47.0,53.0,74.0,-136.0,3
2.0,9.0,53.0,-133.0,-102.0,47.0,53.0,74.0,-136.0,3
2.0,9.0,53.0,-133.0,-102.0,47.0,53.0,74.0,-136.0,3
2.0,10.0,53.0,-131.0,-101.0,47.0,53.0,74.0,-133.0,3
-45.0,-73.0,-94.0,-396.0,-60.0,-252.0,36.0,-9.0,-99.0,4
-40.0,-71.0,-95.0,-398.0,-68.0,-258.0,35.0,-3.0,-109.0,4
-40.0,-71.0,-98.0,-398.0,-72.0,-259.0,34.0,-3.0,-112.0,4
-40.0,-71.0,-99.0,-398.0,-72.0,-260.0,31.0,-3.0,-112.0,4
-40.0,-71.0,-99.0,-398.0,-74.0,-260.0,30.0,-3.0,-112.0,4
-40.0,-71.0,-99.0,-398.0,-75.0,-260.0,30.0,-10.0,-112.0,4
-36.0,-65.0,-99.0,-394.0,-74.0,-259.0,30.0,-3.0,-112.0,4
-36.0,-63.0,-99.0,-392.0,-74.0,-258.0,30.0,-3.0,-112.0,4
-36.0,-63.0,-98.0,-391.0,-74.0,-256.0,30.0,-3.0,-111.0,4
-35.0,-62.0,-98.0,-391.0,-74.0,-256.0,30.0,0.0,-109.0,4
-36.0,-62.0,-97.0,-393.0,-76.0,-256.0,29.0,-3.0,-109.0,4
-37.0,-63.0,-98.0,-393.0,-76.0,-257.0,29.0,-4.0,-109.0,4
-37.0,-65.0,-99.0,-393.0,-76.0,-258.0,29.0,-5.0,-111.0,4
-45.0,-70.0,-99.0,-394.0,-76.0,-258.0,28.0,-5.0,-111.0,4
-45.0,-70.0,-99.0,-394.0,-76.0,-258.0,28.0,-5.0,-111.0,4
-44.0,-66.0,-99.0,-394.0,-76.0,-257.0,28.0,-4.0,-110.0,4
-38.0,-65.0,-99.0,-394.0,-76.0,-257.0,28.0,-3.0,-109.0,4
-37.0,-63.0,-99.0,-394.0,-76.0,-256.0,28.0,-3.0,-109.0,4
-37.0,-63.0,-99.0,-394.0,-76.0,-256.0,28.0,-1.0,-108.0,4
-39.0,-62.0,-100.0,-394.0,-75.0,-256.0,27.0,0.0,-107.0,4
-44.0,-65.0,-100.0,-395.0,-75.0,-257.0,26.0,-3.0,-107.0,4
-46.0,-66.0,-101.0,-395.0,-77.0,-257.0,26.0,-3.0,-109.0,4
-46.0,-66.0,-102.0,-395.0,-77.0,-257.0,26.0,-3.0,-109.0,4
-44.0,-65.0,-101.0,-394.0,-76.0,-256.0,30.0,-3.0,-108.0,4
-44.0,-65.0,-100.0,-394.0,-75.0,-254.0,30.0,-3.0,-107.0,4
-44.0,-64.0,-100.0,-394.0,-75.0,-249.0,30.0,-3.0,-107.0,4
-46.0,-65.0,-100.0,-399.0,-74.0,-254.0,30.0,-3.0,-106.0,4
-48.0,-66.0,-101.0,-400.0,-74.0,-257.0,30.0,-4.0,-107.0,4
-48.0,-69.0,-102.0,-401.0,-74.0,-260.0,28.0,-6.0,-107.0,4
-49.0,-73.0,-102.0,-402.0,-75.0,-260.0,27.0,-7.0,-108.0,4
-52.0,-75.0,-102.0,-402.0,-75.0,-260.0,27.0,-9.0,-109.0,4
-52.0,-75.0,-102.0,-402.0,-74.0,-260.0,27.0,-8.0,-108.0,4
-52.0,-75.0,-102.0,-402.0,-72.0,-257.0,27.0,-7.0,-107.0,4
-52.0,-75.0,-102.0,-402.0,-70.0,-257.0,27.0,-7.0,-107.0,4
-52.0,-75.0,-102.0,-402.0,-69.0,-257.0,27.0,-7.0,-106.0,4
-55.0,-78.0,-103.0,-407.0,-70.0,-258.0,27.0,-9.0,-106.0,4
-58.0,-78.0,-104.0,-412.0,-70.0,-262.0,25.0,-9.0,-107.0,4
-58.0,-79.0,-105.0,-412.0,-70.0,-262.0,25.0,-10.0,-107.0,4
-59.0,-80.0,-105.0,-412.0,-70.0,-262.0,25.0,-11.0,-107.0,4
-60.0,-81.0,-105.0,-412.0,-70.0,-262.0,25.0,-17.0,-109.0,4
-60.0,-81.0,-105.0,-412.0,-68.0,-262.0,25.0,-17.0,-107.0,4
-60.0,-81.0,-105.0,-412.0,-68.0,-262.0,25.0,-17.0,-107.0,4
-60.0,-81.0,-105.0,-412.0,-66.0,-262.0,26.0,-17.0,-107.0,4
-60.0,-81.0,-105.0,-412.0,-66.0,-262.0,26.0,-17.0,-106.0,4
-67.0,-85.0,-105.0,-413.0,-66.0,-263.0,27.0,-22.0,-106.0,4
-69.0,-89.0,-105.0,-415.0,-66.0,-263.0,25.0,-22.0,-107.0,4
-69.0,-89.0,-106.0,-415.0,-66.0,-265.0,23.0,-22.0,-107.0,4
-70.0,-89.0,-106.0,-415.0,-68.0,-265.0,23.0,-22.0,-107.0,4
-70.0,-89.0,-106.0,-415.0,-68.0,-267.0,23.0,-23.0,-108.0,4
-69.0,-89.0,-106.0,-415.0,-66.0,-265.0,23.0,-22.0,-108.0,4
45.0,-28.0,6.0,-179.0,-36.0,-108.0,54.0,16.0,-67.0,5
45.0,-28.0,6.0,-179.0,-37.0,-110.0,53.0,16.0,-67.0,5
45.0,-28.0,5.0,-179.0,-37.0,-110.0,52.0,15.0,-68.0,5
45.0,-28.0,5.0,-179.0,-38.0,-110.0,49.0,13.0,-68.0,5
49.0,-27.0,6.0,-178.0,-38.0,-108.0,52.0,15.0,-68.0,5
50.0,-27.0,6.0,-176.0,-37.0,-107.0,52.0,15.0,-68.0,5
50.0,-27.0,7.0,-176.0,-37.0,-106.0,53.0,15.0,-68.0,5
50.0,-27.0,8.0,-176.0,-37.0,-106.0,53.0,15.0,-68.0,5
50.0,-27.0,8.0,-176.0,-37.0,-108.0,51.0,14.0,-67.0,5
48.0,-27.0,8.0,-176.0,-37.0,-108.0,50.0,13.0,-67.0,5
43.0,-29.0,7.0,-178.0,-37.0,-110.0,50.0,11.0,-67.0,5
42.0,-32.0,6.0,-178.0,-37.0,-110.0,49.0,9.0,-67.0,5
42.0,-32.0,6.0,-180.0,-37.0,-110.0,49.0,9.0,-67.0,5
42.0,-32.0,7.0,-180.0,-37.0,-109.0,49.0,9.0,-67.0,5
42.0,-30.0,8.0,-180.0,-37.0,-109.0,49.0,10.0,-67.0,5
43.0,-30.0,8.0,-180.0,-37.0,-108.0,49.0,11.0,-67.0,5
43.0,-29.0,10.0,-178.0,-37.0,-106.0,49.0,13.0,-67.0,5
45.0,-30.0,9.0,-179.0,-36.0,-108.0,46.0,13.0,-68.0,5
45.0,-30.0,9.0,-179.0,-40.0,-108.0,44.0,13.0,-68.0,5
43.0,-32.0,8.0,-180.0,-40.0,-108.0,44.0,11.0,-68.0,5
42.0,-33.0,8.0,-180.0,-40.0,-108.0,44.0,11.0,-69.0,5
42.0,-35.0,8.0,-180.0,-40.0,-108.0,44.0,11.0,-69.0,5
42.0,-35.0,9.0,-180.0,-40.0,-108.0,45.0,11.0,-68.0,5
42.0,-35.0,10.0,-180.0,-40.0,-107.0,46.0,11.0,-68.0,5
42.0,-35.0,10.0,-180.0,-37.0,-104.0,46.0,11.0,-67.0,5
42.0,-35.0,12.0,-180.0,-37.0,-103.0,46.0,12.0,-63.0,5
40.0,-37.0,12.0,-183.0,-37.0,-104.0,46.0,13.0,-66.0,5
38.0,-37.0,10.0,-183.0,-38.0,-104.0,46.0,11.0,-66.0,5
37.0,-39.0,10.0,-185.0,-38.0,-108.0,45.0,11.0,-67.0,5
35.0,-40.0,8.0,-185.0,-38.0,-108.0,45.0,11.0,-67.0,5
35.0,-41.0,8.0,-185.0,-39.0,-108.0,45.0,11.0,-67.0,5
37.0,-40.0,8.0,-185.0,-38.0,-108.0,45.0,11.0,-67.0,5
37.0,-39.0,10.0,-185.0,-38.0,-108.0,45.0,12.0,-67.0,5
38.0,-37.0,10.0,-185.0,-38.0,-108.0,45.0,12.0,-67.0,5
38.0,-34.0,10.0,-185.0,-38.0,-108.0,45.0,13.0,-67.0,5
40.0,-34.0,9.0,-184.0,-38.0,-107.0,45.0,12.0,-66.0,5
38.0,-37.0,9.0,-184.0,-38.0,-107.0,45.0,12.0,-67.0,5
38.0,-39.0,9.0,-184.0,-38.0,-108.0,45.0,11.0,-68.0,5
37.0,-39.0,9.0,-184.0,-38.0,-108.0,45.0,10.0,-68.0,5
35.0,-40.0,9.0,-185.0,-39.0,-108.0,45.0,10.0,-68.0,5
36.0,-40.0,9.0,-184.0,-38.0,-107.0,45.0,10.0,-67.0,5
36.0,-39.0,10.0,-184.0,-36.0,-107.0,47.0,10.0,-66.0,5
36.0,-39.0,10.0,-184.0,-35.0,-107.0,47.0,10.0,-65.0,5
36.0,-39.0,10.0,-183.0,-35.0,-107.0,48.0,10.0,-63.0,5
31.0,-39.0,12.0,-184.0,-35.0,-107.0,48.0,10.0,-62.0,5
31.0,-39.0,9.0,-184.0,-35.0,-108.0,48.0,10.0,-62.0,5
31.0,-39.0,8.0,-184.0,-35.0,-110.0,48.0,9.0,-62.0,5
31.0,-39.0,8.0,-186.0,-35.0,-113.0,47.0,8.0,-62.0,5
31.0,-39.0,8.0,-186.0,-35.0,-113.0,47.0,8.0,-65.0,5
31.0,-37.0,9.0,-186.0,-35.0,-112.0,47.0,8.0,-64.0,5
-23.0,-62.0,-53.0,-258.0,-74.0,-193.0,6.0,-14.0,-113.0,6
-18.0,-50.0,-51.0,-256.0,-74.0,-192.0,6.0,-12.0,-113.0,6
-14.0,-48.0,-51.0,-256.0,-74.0,-192.0,9.0,-12.0,-113.0,6
-12.0,-47.0,-51.0,-255.0,-72.0,-190.0,9.0,-12.0,-113.0,6
-12.0,-46.0,-51.0,-253.0,-74.0,-190.0,7.0,-9.0,-111.0,6
-14.0,-46.0,-51.0,-253.0,-74.0,-190.0,7.0,-10.0,-117.0,6
-14.0,-48.0,-51.0,-253.0,-74.0,-190.0,7.0,-10.0,-118.0,6
-14.0,-48.0,-51.0,-253.0,-74.0,-190.0,7.0,-10.0,-118.0,6
-14.0,-48.0,-51.0,-253.0,-74.0,-190.0,7.0,-10.0,-118.0,6
-14.0,-48.0,-51.0,-244.0,-74.0,-190.0,8.0,-9.0,-118.0,6
-13.0,-46.0,-51.0,-241.0,-74.0,-187.0,8.0,-6.0,-117.0,6
-12.0,-46.0,-49.0,-239.0,-71.0,-185.0,10.0,-5.0,-116.0,6
-12.0,-44.0,-49.0,-237.0,-71.0,-182.0,11.0,-1.0,-114.0,6
-11.0,-44.0,-45.0,-236.0,-71.0,-185.0,10.0,0.0,-113.0,6
-11.0,-44.0,-45.0,-237.0,-71.0,-185.0,10.0,0.0,-114.0,6
-11.0,-44.0,-45.0,-237.0,-72.0,-185.0,10.0,0.0,-116.0,6
-11.0,-44.0,-45.0,-237.0,-74.0,-185.0,10.0,0.0,-118.0,6
-11.0,-44.0,-45.0,-237.0,-74.0,-185.0,10.0,0.0,-118.0,6
-7.0,-38.0,-44.0,-236.0,-72.0,-177.0,10.0,0.0,-116.0,6
-5.0,-38.0,-44.0,-236.0,-71.0,-177.0,10.0,0.0,-116.0,6
-5.0,-38.0,-43.0,-236.0,-71.0,-174.0,10.0,0.0,-116.0,6
-5.0,-38.0,-43.0,-234.0,-70.0,-174.0,10.0,0.0,-115.0,6
-12.0,-46.0,-41.0,-236.0,-69.0,-174.0,15.0,-1.0,-114.0,6
-14.0,-46.0,-41.0,-238.0,-69.0,-174.0,13.0,-3.0,-115.0,6
-16.0,-46.0,-41.0,-238.0,-69.0,-177.0,13.0,-4.0,-115.0,6
-16.0,-49.0,-41.0,-238.0,-69.0,-178.0,13.0,-4.0,-116.0,6
-16.0,-49.0,-44.0,-239.0,-69.0,-178.0,13.0,-4.0,-116.0,6
-14.0,-46.0,-41.0,-239.0,-68.0,-178.0,15.0,-3.0,-116.0,6
-13.0,-46.0,-41.0,-239.0,-68.0,-178.0,18.0,-3.0,-115.0,6
-13.0,-46.0,-41.0,-239.0,-66.0,-178.0,22.0,-3.0,-114.0,6
-12.0,-46.0,-40.0,-238.0,-65.0,-177.0,23.0,-1.0,-114.0,6
-10.0,-45.0,-41.0,-236.0,-66.0,-176.0,23.0,0.0,-115.0,6
-10.0,-45.0,-42.0,-236.0,-66.0,-178.0,22.0,0.0,-115.0,6
-10.0,-45.0,-42.0,-239.0,-66.0,-178.0,17.0,0.0,-115.0,6
-10.0,-45.0,-42.0,-239.0,-66.0,-178.0,17.0,-3.0,-115.0,6
-10.0,-45.0,-42.0,-239.0,-66.0,-178.0,17.0,-3.0,-115.0,6
-10.0,-44.0,-42.0,-239.0,-66.0,-176.0,18.0,0.0,-115.0,6
-10.0,-44.0,-41.0,-237.0,-66.0,-175.0,21.0,0.0,-114.0,6
-10.0,-44.0,-41.0,-236.0,-66.0,-175.0,21.0,0.0,-114.0,6
-10.0,-44.0,-41.0,-236.0,-64.0,-174.0,22.0,0.0,-113.0,6
-12.0,-46.0,-41.0,-238.0,-61.0,-172.0,23.0,-2.0,-112.0,6
-13.0,-47.0,-41.0,-238.0,-61.0,-175.0,23.0,-5.0,-112.0,6
-14.0,-50.0,-41.0,-239.0,-61.0,-176.0,23.0,-7.0,-112.0,6
-17.0,-50.0,-41.0,-240.0,-62.0,-177.0,20.0,-8.0,-108.0,6
-14.0,-48.0,-41.0,-239.0,-61.0,-175.0,20.0,-8.0,-108.0,6
-14.0,-48.0,-41.0,-238.0,-61.0,-175.0,21.0,-8.0,-105.0,6
-14.0,-48.0,-41.0,-238.0,-61.0,-175.0,23.0,-8.0,-103.0,6
-15.0,-51.0,-41.0,-240.0,-59.0,-175.0,21.0,-10.0,-105.0,6
-21.0,-51.0,-41.0,-240.0,-61.0,-176.0,19.0,-10.0,-105.0,6
-21.0,-52.0,-41.0,-240.0,-62.0,-176.0,19.0,-11.0,-105.0,6
-30.0,-56.0,-22.0,-321.0,-61.0,-175.0,24.0,5.0,-97.0,7
-30.0,-55.0,-21.0,-321.0,-61.0,-174.0,26.0,5.0,-95.0,7
-30.0,-55.0,-21.0,-321.0,-61.0,-170.0,27.0,5.0,-94.0,7
-30.0,-53.0,-21.0,-320.0,-62.0,-169.0,27.0,6.0,-95.0,7
-30.0,-54.0,-21.0,-320.0,-62.0,-171.0,26.0,6.0,-97.0,7
-31.0,-56.0,-21.0,-320.0,-62.0,-171.0,25.0,5.0,-97.0,7
-30.0,-55.0,-21.0,-317.0,-62.0,-172.0,25.0,5.0,-100.0,7
-27.0,-54.0,-21.0,-316.0,-62.0,-172.0,26.0,6.0,-100.0,7
-27.0,-55.0,-21.0,-314.0,-62.0,-171.0,27.0,6.0,-100.0,7
-30.0,-55.0,-23.0,-314.0,-64.0,-173.0,27.0,6.0,-100.0,7
-30.0,-55.0,-23.0,-314.0,-64.0,-173.0,25.0,6.0,-100.0,7
-30.0,-55.0,-23.0,-314.0,-64.0,-173.0,25.0,5.0,-100.0,7
-30.0,-55.0,-23.0,-317.0,-64.0,-173.0,24.0,5.0,-103.0,7
-28.0,-55.0,-23.0,-314.0,-64.0,-172.0,24.0,6.0,-100.0,7
-28.0,-55.0,-21.0,-314.0,-64.0,-172.0,25.0,6.0,-100.0,7
-27.0,-54.0,-21.0,-314.0,-64.0,-172.0,25.0,6.0,-100.0,7
-27.0,-54.0,-21.0,-314.0,-63.0,-171.0,25.0,6.0,-100.0,7
-27.0,-55.0,-21.0,-314.0,-62.0,-172.0,26.0,3.0,-99.0,7
-28.0,-56.0,-23.0,-317.0,-62.0,-173.0,25.0,3.0,-100.0,7
-28.0,-58.0,-24.0,-321.0,-62.0,-174.0,25.0,2.0,-100.0,7
-27.0,-57.0,-25.0,-318.0,-64.0,-176.0,25.0,3.0,-98.0,7
-27.0,-58.0,-25.0,-318.0,-64.0,-176.0,25.0,2.0,-100.0,7
-28.0,-59.0,-25.0,-321.0,-64.0,-176.0,24.0,2.0,-100.0,7
-28.0,-59.0,-25.0,-321.0,-64.0,-176.0,24.0,1.0,-100.0,7
-28.0,-59.0,-25.0,-318.0,-64.0,-176.0,25.0,2.0,-99.0,7
-27.0,-59.0,-25.0,-318.0,-62.0,-176.0,26.0,2.0,-99.0,7
-27.0,-58.0,-25.0,-317.0,-62.0,-176.0,26.0,2.0,-99.0,7
-27.0,-58.0,-25.0,-317.0,-62.0,-176.0,26.0,2.0,-99.0,7
-27.0,-59.0,-26.0,-320.0,-62.0,-176.0,24.0,0.0,-101.0,7
-30.0,-60.0,-26.0,-321.0,-63.0,-176.0,24.0,0.0,-101.0,7
-30.0,-60.0,-26.0,-321.0,-66.0,-178.0,24.0,0.0,-101.0,7
-30.0,-60.0,-26.0,-321.0,-67.0,-178.0,23.0,0.0,-102.0,7
-30.0,-60.0,-26.0,-321.0,-67.0,-179.0,23.0,0.0,-102.0,7
-29.0,-59.0,-26.0,-320.0,-67.0,-178.0,23.0,0.0,-102.0,7
-28.0,-59.0,-26.0,-320.0,-66.0,-178.0,23.0,0.0,-101.0,7
-27.0,-59.0,-26.0,-320.0,-66.0,-177.0,23.0,3.0,-101.0,7
-27.0,-58.0,-26.0,-320.0,-66.0,-177.0,23.0,3.0,-101.0,7
-27.0,-57.0,-26.0,-317.0,-68.0,-177.0,22.0,3.0,-102.0,7
-27.0,-58.0,-26.0,-317.0,-70.0,-177.0,21.0,0.0,-104.0,7
-27.0,-59.0,-26.0,-317.0,-70.0,-177.0,21.0,-2.0,-104.0,7
-29.0,-59.0,-28.0,-317.0,-70.0,-178.0,21.0,-2.0,-105.0,7
-29.0,-61.0,-29.0,-317.0,-70.0,-179.0,20.0,-2.0,-105.0,7
-29.0,-61.0,-29.0,-317.0,-69.0,-179.0,20.0,-2.0,-105.0,7
-29.0,-61.0,-29.0,-317.0,-69.0,-179.0,21.0,-2.0,-105.0,7
-29.0,-61.0,-29.0,-317.0,-68.0,-179.0,21.0,-2.0,-104.0,7
-29.0,-61.0,-29.0,-317.0,-68.0,-178.0,21.0,-2.0,-104.0,7
-30.0,-63.0,-29.0,-320.0,-69.0,-179.0,22.0,-5.0,-105.0,7
-31.0,-63.0,-30.0,-320.0,-69.0,-182.0,21.0,-5.0,-105.0,7
-31.0,-63.0,-30.0,-321.0,-69.0,-184.0,20.0,-5.0,-105.0,7
-32.0,-63.0,-31.0,-321.0,-72.0,-185.0,19.0,-5.0,-105.0,7
8.0,26.0,22.0,-180.0,-59.0,-26.0,61.0,34.0,-106.0,8
6.0,24.0,22.0,-182.0,-59.0,-26.0,60.0,34.0,-106.0,8
6.0,24.0,22.0,-182.0,-59.0,-27.0,60.0,34.0,-106.0,8
8.0,26.0,22.0,-182.0,-59.0,-26.0,60.0,35.0,-106.0,8
8.0,27.0,23.0,-180.0,-59.0,-26.0,61.0,36.0,-106.0,8
9.0,27.0,23.0,-180.0,-59.0,-26.0,62.0,38.0,-106.0,8
10.0,28.0,25.0,-180.0,-59.0,-26.0,62.0,38.0,-106.0,8
11.0,27.0,26.0,-180.0,-59.0,-27.0,60.0,39.0,-106.0,8
9.0,22.0,23.0,-183.0,-59.0,-36.0,59.0,39.0,-109.0,8
10.0,24.0,26.0,-183.0,-59.0,-33.0,60.0,39.0,-107.0,8
18.0,31.0,30.0,-177.0,-52.0,-31.0,66.0,51.0,-110.0,8
18.0,31.0,30.0,-177.0,-53.0,-32.0,66.0,51.0,-110.0,8
18.0,31.0,30.0,-177.0,-53.0,-32.0,66.0,51.0,-110.0,8
18.0,32.0,31.0,-172.0,-53.0,-31.0,66.0,52.0,-110.0,8
22.0,35.0,31.0,-172.0,-52.0,-31.0,66.0,53.0,-110.0,8
22.0,35.0,32.0,-172.0,-52.0,-30.0,67.0,54.0,-110.0,8
24.0,35.0,33.0,-171.0,-52.0,-30.0,68.0,57.0,-109.0,8
27.0,36.0,33.0,-169.0,-53.0,-29.0,67.0,57.0,-110.0,8
27.0,36.0,33.0,-170.0,-53.0,-29.0,67.0,57.0,-110.0,8
27.0,36.0,33.0,-171.0,-54.0,-29.0,67.0,57.0,-110.0,8
27.0,36.0,33.0,-172.0,-54.0,-30.0,65.0,57.0,-111.0,8
23.0,36.0,32.0,-175.0,-54.0,-30.0,64.0,57.0,-111.0,8
26.0,36.0,33.0,-172.0,-54.0,-29.0,65.0,57.0,-111.0,8
27.0,36.0,33.0,-171.0,-53.0,-27.0,67.0,59.0,-110.0,8
27.0,37.0,33.0,-170.0,-53.0,-27.0,67.0,59.0,-110.0,8
29.0,38.0,33.0,-170.0,-53.0,-27.0,67.0,59.0,-110.0,8
27.0,39.0,33.0,-170.0,-51.0,-28.0,67.0,58.0,-110.0,8
26.0,37.0,33.0,-170.0,-51.0,-29.0,67.0,57.0,-110.0,8
25.0,37.0,33.0,-170.0,-51.0,-29.0,67.0,57.0,-110.0,8
22.0,37.0,32.0,-170.0,-51.0,-29.0,67.0,57.0,-110.0,8
22.0,37.0,30.0,-170.0,-53.0,-29.0,67.0,55.0,-110.0,8
24.0,37.0,32.0,-170.0,-51.0,-28.0,67.0,57.0,-108.0,8
24.0,37.0,32.0,-169.0,-50.0,-27.0,70.0,57.0,-108.0,8
24.0,37.0,32.0,-169.0,-48.0,-26.0,70.0,57.0,-107.0,8
24.0,37.0,32.0,-169.0,-47.0,-25.0,72.0,57.0,-103.0,8
22.0,38.0,30.0,-170.0,-46.0,-24.0,73.0,56.0,-103.0,8
22.0,38.0,29.0,-170.0,-46.0,-26.0,73.0,56.0,-103.0,8
22.0,38.0,28.0,-171.0,-46.0,-26.0,70.0,56.0,-103.0,8
21.0,38.0,27.0,-171.0,-46.0,-28.0,70.0,55.0,-103.0,8
21.0,38.0,26.0,-173.0,-46.0,-28.0,70.0,55.0,-103.0,8
21.0,39.0,26.0,-173.0,-44.0,-28.0,71.0,55.0,-103.0,8
21.0,39.0,26.0,-173.0,-44.0,-26.0,73.0,55.0,-99.0,8
17.0,37.0,21.0,-179.0,-44.0,-26.0,75.0,52.0,-103.0,8
18.0,37.0,21.0,-178.0,-39.0,-26.0,76.0,52.0,-101.0,8
19.0,38.0,21.0,-178.0,-39.0,-26.0,76.0,52.0,-98.0,8
19.0,40.0,21.0,-178.0,-39.0,-26.0,78.0,52.0,-98.0,8
19.0,41.0,23.0,-178.0,-39.0,-26.0,80.0,53.0,-98.0,8
19.0,41.0,21.0,-177.0,-41.0,-25.0,78.0,53.0,-101.0,8
17.0,41.0,19.0,-180.0,-43.0,-27.0,76.0,52.0,-101.0,8
17.0,40.0,19.0,-180.0,-45.0,-27.0,76.0,52.0,-101.0,8
101.0,13.0,35.0,-176.0,-4.0,-62.0,72.0,53.0,-57.0,9
101.0,12.0,31.0,-176.0,-4.0,-63.0,72.0,50.0,-61.0,9
99.0,12.0,31.0,-176.0,-5.0,-63.0,72.0,50.0,-62.0,9
97.0,12.0,29.0,-176.0,-5.0,-63.0,72.0,47.0,-62.0,9
97.0,12.0,29.0,-174.0,-5.0,-63.0,72.0,49.0,-62.0,9
97.0,12.0,30.0,-174.0,-5.0,-63.0,73.0,50.0,-62.0,9
99.0,12.0,31.0,-173.0,-5.0,-63.0,74.0,50.0,-62.0,9
101.0,12.0,31.0,-171.0,-4.0,-63.0,76.0,50.0,-62.0,9
99.0,11.0,31.0,-173.0,-4.0,-64.0,76.0,51.0,-62.0,9
99.0,11.0,29.0,-174.0,-5.0,-68.0,75.0,51.0,-62.0,9
99.0,11.0,29.0,-174.0,-8.0,-68.0,75.0,51.0,-62.0,9
99.0,11.0,29.0,-174.0,-9.0,-68.0,75.0,51.0,-63.0,9
97.0,11.0,28.0,-174.0,-9.0,-68.0,75.0,51.0,-63.0,9
99.0,11.0,29.0,-174.0,-9.0,-68.0,75.0,52.0,-63.0,9
100.0,12.0,29.0,-174.0,-9.0,-66.0,76.0,53.0,-63.0,9
100.0,13.0,29.0,-174.0,-9.0,-64.0,76.0,54.0,-63.0,9
101.0,13.0,29.0,-174.0,-9.0,-63.0,76.0,54.0,-62.0,9
100.0,12.0,29.0,-173.0,-10.0,-64.0,77.0,54.0,-63.0,9
100.0,11.0,29.0,-173.0,-10.0,-64.0,75.0,52.0,-64.0,9
96.0,8.0,28.0,-176.0,-10.0,-65.0,75.0,51.0,-64.0,9
96.0,8.0,29.0,-174.0,-9.0,-64.0,76.0,52.0,-63.0,9
99.0,9.0,29.0,-174.0,-9.0,-62.0,76.0,52.0,-61.0,9
99.0,9.0,29.0,-173.0,-7.0,-61.0,76.0,52.0,-60.0,9
99.0,9.0,29.0,-173.0,-7.0,-60.0,77.0,52.0,-58.0,9
96.0,7.0,29.0,-174.0,-7.0,-61.0,76.0,49.0,-58.0,9
93.0,9.0,29.0,-173.0,-6.0,-59.0,77.0,48.0,-58.0,9
92.0,7.0,29.0,-175.0,-6.0,-59.0,77.0,47.0,-58.0,9
90.0,7.0,28.0,-175.0,-6.0,-59.0,77.0,47.0,-58.0,9
90.0,7.0,27.0,-175.0,-6.0,-59.0,77.0,47.0,-58.0,9
91.0,11.0,33.0,-179.0,-4.0,-52.0,77.0,48.0,-51.0,9
92.0,8.0,30.0,-177.0,-4.0,-52.0,77.0,48.0,-51.0,9
92.0,8.0,30.0,-179.0,-4.0,-54.0,76.0,48.0,-51.0,9
90.0,8.0,30.0,-179.0,-5.0,-55.0,76.0,48.0,-52.0,9
90.0,8.0,30.0,-179.0,-5.0,-55.0,75.0,48.0,-53.0,9
90.0,8.0,30.0,-179.0,-7.0,-55.0,74.0,48.0,-53.0,9
92.0,11.0,31.0,-178.0,-7.0,-54.0,74.0,48.0,-53.0,9
94.0,11.0,31.0,-178.0,-7.0,-52.0,75.0,48.0,-52.0,9
94.0,11.0,32.0,-178.0,-7.0,-52.0,75.0,48.0,-52.0,9
94.0,11.0,33.0,-178.0,-7.0,-52.0,75.0,48.0,-51.0,9
95.0,12.0,33.0,-181.0,-8.0,-52.0,75.0,48.0,-52.0,9
95.0,10.0,32.0,-182.0,-9.0,-54.0,74.0,48.0,-52.0,9
94.0,10.0,32.0,-182.0,-10.0,-54.0,74.0,48.0,-55.0,9
94.0,10.0,32.0,-182.0,-12.0,-55.0,73.0,48.0,-55.0,9
94.0,7.0,32.0,-182.0,-12.0,-55.0,71.0,48.0,-55.0,9
95.0,10.0,32.0,-182.0,-12.0,-54.0,71.0,50.0,-55.0,9
88.0,5.0,29.0,-189.0,-14.0,-56.0,68.0,45.0,-55.0,9
88.0,1.0,29.0,-189.0,-14.0,-56.0,68.0,45.0,-56.0,9
88.0,1.0,27.0,-189.0,-15.0,-56.0,68.0,45.0,-56.0,9
88.0,1.0,29.0,-188.0,-15.0,-56.0,68.0,45.0,-56.0,9
88.0,1.0,29.0,-187.0,-15.0,-56.0,68.0,45.0,-56.0,9
-23.0,-29.0,-28.0,-20.0,-20.0,-28.0,-13.0,-19.0,-25.0,10
-22.0,-29.0,-28.0,-19.0,-20.0,-27.0,-13.0,-18.0,-25.0,10
-22.0,-29.0,-28.0,-20.0,-19.0,-28.0,-12.0,-18.0,-25.0,10
-22.0,-30.0,-29.0,-20.0,-19.0,-28.0,-12.0,-18.0,-25.0,10
-22.0,-30.0,-29.0,-20.0,-19.0,-28.0,-12.0,-18.0,-25.0,10
-22.0,-30.0,-29.0,-20.0,-19.0,-28.0,-12.0,-18.0,-26.0,10
-22.0,-31.0,-29.0,-21.0,-19.0,-28.0,-12.0,-18.0,-26.0,10
-22.0,-30.0,-29.0,-20.0,-19.0,-27.0,-10.0,-17.0,-25.0,10
-20.0,-30.0,-29.0,-20.0,-17.0,-27.0,-9.0,-17.0,-25.0,10
-20.0,-30.0,-29.0,-20.0,-16.0,-27.0,-9.0,-17.0,-25.0,10
-20.0,-30.0,-28.0,-17.0,-14.0,-27.0,-8.0,-16.0,-24.0,10
-19.0,-30.0,-28.0,-14.0,-13.0,-28.0,-7.0,-17.0,-24.0,10
-20.0,-30.0,-29.0,-14.0,-13.0,-28.0,-7.0,-17.0,-25.0,10
-20.0,-30.0,-29.0,-18.0,-14.0,-28.0,-7.0,-18.0,-25.0,10
-20.0,-30.0,-29.0,-18.0,-14.0,-28.0,-7.0,-18.0,-25.0,10
-20.0,-30.0,-29.0,-18.0,-15.0,-28.0,-7.0,-19.0,-25.0,10
-20.0,-30.0,-29.0,-14.0,-14.0,-28.0,-7.0,-19.0,-25.0,10
-19.0,-30.0,-29.0,-14.0,-14.0,-28.0,-6.0,-18.0,-25.0,10
-19.0,-30.0,-29.0,-13.0,-13.0,-28.0,-5.0,-18.0,-25.0,10
-19.0,-30.0,-29.0,-11.0,-13.0,-28.0,-4.0,-18.0,-25.0,10
-19.0,-30.0,-28.0,-11.0,-12.0,-28.0,-2.0,-18.0,-25.0,10
-19.0,-30.0,-29.0,-13.0,-12.0,-28.0,-2.0,-20.0,-25.0,10
-19.0,-30.0,-29.0,-14.0,-12.0,-28.0,-5.0,-20.0,-26.0,10
-19.0,-30.0,-29.0,-14.0,-13.0,-28.0,-5.0,-20.0,-26.0,10
-16.0,-28.0,-30.0,-10.0,-8.0,-27.0,2.0,-19.0,-26.0,10
-15.0,-28.0,-30.0,-8.0,-7.0,-26.0,3.0,-17.0,-24.0,10
-15.0,-28.0,-30.0,-6.0,-7.0,-25.0,4.0,-17.0,-23.0,10
-13.0,-28.0,-28.0,-5.0,-5.0,-24.0,5.0,-16.0,-22.0,10
-11.0,-27.0,-28.0,-2.0,-4.0,-24.0,6.0,-16.0,-21.0,10
-11.0,-27.0,-26.0,-5.0,-3.0,-24.0,6.0,-15.0,-21.0,10
-11.0,-27.0,-28.0,-5.0,-3.0,-24.0,6.0,-15.0,-21.0,10
-11.0,-27.0,-28.0,-5.0,-3.0,-24.0,6.0,-15.0,-21.0,10
-11.0,-26.0,-28.0,-5.0,-3.0,-24.0,7.0,-13.0,-20.0,10
-10.0,-26.0,-26.0,-2.0,-2.0,-24.0,7.0,-13.0,-19.0,10
-10.0,-26.0,-26.0,-2.0,0.0,-24.0,8.0,-13.0,-18.0,10
-9.0,-25.0,-25.0,-1.0,0.0,-22.0,8.0,-13.0,-17.0,10
-9.0,-24.0,-23.0,0.0,0.0,-22.0,8.0,-12.0,-16.0,10
-9.0,-24.0,-23.0,0.0,0.0,-22.0,8.0,-15.0,-16.0,10
-9.0,-24.0,-23.0,0.0,0.0,-22.0,7.0,-15.0,-18.0,10
-9.0,-24.0,-23.0,0.0,0.0,-22.0,6.0,-15.0,-18.0,10
-10.0,-24.0,-23.0,0.0,0.0,-22.0,6.0,-15.0,-18.0,10
-9.0,-24.0,-23.0,1.0,0.0,-20.0,6.0,-13.0,-16.0,10
-8.0,-24.0,-23.0,1.0,0.0,-19.0,7.0,-12.0,-16.0,10
-8.0,-23.0,-23.0,1.0,0.0,-18.0,8.0,-10.0,-15.0,10
-7.0,-23.0,-23.0,1.0,1.0,-18.0,8.0,-9.0,-15.0,10
-8.0,-22.0,-23.0,0.0,0.0,-18.0,8.0,-10.0,-14.0,10
-9.0,-22.0,-23.0,-2.0,0.0,-18.0,8.0,-10.0,-15.0,10
-9.0,-22.0,-23.0,-2.0,0.0,-18.0,7.0,-10.0,-16.0,10
-9.0,-22.0,-24.0,-2.0,0.0,-18.0,6.0,-12.0,-16.0,10
-9.0,-22.0,-24.0,-2.0,-1.0,-18.0,6.0,-12.0,-18.0,10
-59.0,-86.0,-59.0,-51.0,-1.0,-102.0,31.0,-56.0,-49.0,0
-59.0,-88.0,-60.0,-52.0,-2.0,-105.0,30.0,-56.0,-49.0,0
-59.0,-88.0,-59.0,-52.0,-2.0,-105.0,30.0,-56.0,-49.0,0
-59.0,-88.0,-59.0,-52.0,-2.0,-103.0,30.0,-55.0,-49.0,0
-59.0,-86.0,-59.0,-52.0,-1.0,-103.0,30.0,-55.0,-49.0,0
-59.0,-86.0,-56.0,-52.0,-1.0,-103.0,30.0,-55.0,-49.0,0
-59.0,-88.0,-59.0,-54.0,-2.0,-103.0,28.0,-55.0,-51.0,0
-59.0,-88.0,-59.0,-54.0,-3.0,-104.0,26.0,-55.0,-51.0,0
-59.0,-88.0,-60.0,-54.0,-7.0,-104.0,25.0,-55.0,-52.0,0
-59.0,-88.0,-60.0,-55.0,-7.0,-105.0,24.0,-55.0,-52.0,0
-59.0,-88.0,-61.0,-56.0,-7.0,-105.0,24.0,-55.0,-53.0,0
-57.0,-85.0,-60.0,-56.0,-7.0,-104.0,25.0,-55.0,-53.0,0
-57.0,-85.0,-60.0,-56.0,-7.0,-104.0,25.0,-55.0,-53.0,0
-56.0,-85.0,-60.0,-56.0,-7.0,-104.0,25.0,-55.0,-52.0,0
-56.0,-85.0,-60.0,-56.0,-6.0,-103.0,25.0,-55.0,-52.0,0
-66.0,-94.0,-61.0,-78.0,-10.0,-112.0,24.0,-62.0,-54.0,0
-67.0,-95.0,-61.0,-81.0,-10.0,-113.0,23.0,-62.0,-55.0,0
-67.0,-95.0,-61.0,-81.0,-8.0,-113.0,24.0,-62.0,-55.0,0
-67.0,-95.0,-61.0,-81.0,-8.0,-113.0,24.0,-62.0,-54.0,0
-67.0,-95.0,-61.0,-81.0,-8.0,-113.0,24.0,-62.0,-53.0,0
-67.0,-95.0,-61.0,-81.0,-8.0,-113.0,24.0,-62.0,-53.0,0
-70.0,-97.0,-65.0,-85.0,-8.0,-112.0,24.0,-65.0,-52.0,0
-72.0,-97.0,-65.0,-85.0,-8.0,-115.0,24.0,-67.0,-52.0,0
-73.0,-97.0,-65.0,-88.0,-9.0,-115.0,24.0,-67.0,-52.0,0
-73.0,-98.0,-65.0,-90.0,-9.0,-115.0,24.0,-67.0,-52.0,0
-74.0,-99.0,-65.0,-93.0,-9.0,-118.0,24.0,-68.0,-52.0,0
-74.0,-99.0,-65.0,-93.0,-8.0,-118.0,24.0,-68.0,-52.0,0
-74.0,-99.0,-65.0,-93.0,-7.0,-118.0,24.0,-68.0,-52.0,0
-73.0,-99.0,-65.0,-93.0,-7.0,-118.0,25.0,-67.0,-52.0,0
-72.0,-98.0,-64.0,-93.0,-7.0,-118.0,25.0,-67.0,-52.0,0
-73.0,-97.0,-64.0,-94.0,-8.0,-120.0,25.0,-66.0,-52.0,0
-73.0,-99.0,-64.0,-96.0,-8.0,-120.0,25.0,-66.0,-52.0,0
-73.0,-99.0,-64.0,-97.0,-9.0,-120.0,25.0,-67.0,-52.0,0
-73.0,-102.0,-64.0,-98.0,-9.0,-121.0,25.0,-67.0,-55.0,0
-74.0,-102.0,-65.0,-98.0,-9.0,-123.0,25.0,-67.0,-55.0,0
-73.0,-102.0,-65.0,-98.0,-9.0,-121.0,25.0,-66.0,-55.0,0
-73.0,-102.0,-65.0,-98.0,-9.0,-121.0,26.0,-66.0,-52.0,0
-73.0,-102.0,-65.0,-98.0,-8.0,-121.0,26.0,-66.0,-52.0,0
-73.0,-102.0,-64.0,-98.0,-8.0,-121.0,27.0,-66.0,-52.0,0
-75.0,-104.0,-65.0,-102.0,-8.0,-123.0,29.0,-68.0,-50.0,0
-75.0,-104.0,-68.0,-102.0,-8.0,-124.0,26.0,-69.0,-50.0,0
-77.0,-104.0,-68.0,-102.0,-8.0,-125.0,26.0,-71.0,-52.0,0
-77.0,-104.0,-68.0,-102.0,-8.0,-126.0,26.0,-71.0,-52.0,0
-77.0,-104.0,-68.0,-102.0,-8.0,-126.0,25.0,-71.0,-54.0,0
-75.0,-104.0,-68.0,-102.0,-8.0,-126.0,25.0,-71.0,-54.0,0
-75.0,-104.0,-67.0,-102.0,-8.0,-126.0,26.0,-69.0,-54.0,0
-75.0,-104.0,-67.0,-101.0,-8.0,-125.0,26.0,-68.0,-54.0,0
-72.0,-103.0,-66.0,-101.0,-8.0,-125.0,26.0,-67.0,-54.0,0
-66.0,-93.0,-68.0,-96.0,-10.0,-116.0,23.0,-62.0,-60.0,0
-66.0,-93.0,-68.0,-96.0,-10.0,-116.0,21.0,-62.0,-60.0,0
-65.0,-96.0,-104.0,-278.0,-22.0,-230.0,51.0,-17.0,-71.0,1
-68.0,-96.0,-104.0,-280.0,-24.0,-235.0,50.0,-18.0,-73.0,1
-68.0,-96.0,-104.0,-280.0,-24.0,-235.0,48.0,-18.0,-73.0,1
-68.0,-96.0,-105.0,-280.0,-24.0,-235.0,48.0,-19.0,-73.0,1
-65.0,-96.0,-105.0,-279.0,-24.0,-230.0,48.0,-18.0,-73.0,1
-65.0,-96.0,-105.0,-278.0,-24.0,-229.0,48.0,-17.0,-73.0,1
-65.0,-93.0,-105.0,-276.0,-24.0,-229.0,48.0,-17.0,-73.0,1
-65.0,-93.0,-105.0,-273.0,-24.0,-229.0,48.0,-15.0,-73.0,1
-65.0,-93.0,-105.0,-271.0,-27.0,-229.0,50.0,-14.0,-75.0,1
-65.0,-93.0,-107.0,-275.0,-28.0,-230.0,48.0,-14.0,-75.0,1
-65.0,-93.0,-107.0,-275.0,-29.0,-230.0,48.0,-17.0,-75.0,1
-65.0,-93.0,-110.0,-275.0,-29.0,-231.0,45.0,-17.0,-76.0,1
-65.0,-93.0,-111.0,-276.0,-29.0,-235.0,45.0,-17.0,-78.0,1
-65.0,-93.0,-111.0,-276.0,-29.0,-232.0,45.0,-14.0,-76.0,1
-65.0,-92.0,-110.0,-275.0,-29.0,-232.0,45.0,-13.0,-76.0,1
-65.0,-92.0,-110.0,-275.0,-29.0,-232.0,45.0,-11.0,-76.0,1
-65.0,-91.0,-110.0,-275.0,-29.0,-232.0,47.0,-11.0,-76.0,1
-62.0,-92.0,-111.0,-275.0,-31.0,-231.0,46.0,-11.0,-78.0,1
-62.0,-92.0,-111.0,-275.0,-31.0,-231.0,46.0,-11.0,-79.0,1
-65.0,-92.0,-111.0,-275.0,-32.0,-231.0,45.0,-11.0,-79.0,1
-65.0,-93.0,-111.0,-275.0,-32.0,-233.0,45.0,-13.0,-79.0,1
-66.0,-94.0,-112.0,-275.0,-32.0,-234.0,45.0,-14.0,-79.0,1
-66.0,-93.0,-111.0,-275.0,-32.0,-233.0,45.0,-13.0,-79.0,1
-65.0,-93.0,-111.0,-275.0,-32.0,-233.0,45.0,-13.0,-79.0,1
-65.0,-93.0,-111.0,-275.0,-32.0,-231.0,46.0,-13.0,-79.0,1
-65.0,-92.0,-110.0,-275.0,-32.0,-231.0,46.0,-13.0,-78.0,1
-66.0,-93.0,-111.0,-279.0,-32.0,-231.0,46.0,-14.0,-79.0,1
-66.0,-93.0,-111.0,-279.0,-32.0,-231.0,46.0,-14.0,-79.0,1
-67.0,-94.0,-111.0,-281.0,-33.0,-232.0,44.0,-14.0,-81.0,1
-69.0,-94.0,-111.0,-282.0,-33.0,-232.0,44.0,-14.0,-81.0,1
-69.0,-96.0,-111.0,-283.0,-34.0,-233.0,44.0,-14.0,-82.0,1
-67.0,-94.0,-111.0,-283.0,-33.0,-233.0,45.0,-14.0,-82.0,1
-67.0,-94.0,-111.0,-283.0,-33.0,-233.0,45.0,-14.0,-82.0,1
-67.0,-94.0,-111.0,-282.0,-32.0,-232.0,45.0,-14.0,-81.0,1
-67.0,-93.0,-111.0,-281.0,-32.0,-232.0,45.0,-14.0,-80.0,1
-67.0,-93.0,-111.0,-282.0,-31.0,-231.0,45.0,-15.0,-79.0,1
-70.0,-94.0,-111.0,-282.0,-32.0,-231.0,45.0,-16.0,-79.0,1
-73.0,-99.0,-113.0,-287.0,-31.0,-234.0,47.0,-17.0,-79.0,1
-79.0,-99.0,-113.0,-288.0,-31.0,-234.0,46.0,-18.0,-79.0,1
-75.0,-99.0,-113.0,-287.0,-29.0,-234.0,47.0,-17.0,-78.0,1
-75.0,-97.0,-113.0,-285.0,-29.0,-233.0,47.0,-17.0,-75.0,1
-75.0,-95.0,-112.0,-282.0,-28.0,-232.0,47.0,-16.0,-75.0,1
-73.0,-94.0,-111.0,-282.0,-28.0,-231.0,47.0,-15.0,-75.0,1
-72.0,-94.0,-112.0,-285.0,-29.0,-232.0,47.0,-15.0,-76.0,1
-72.0,-94.0,-113.0,-285.0,-29.0,-232.0,47.0,-15.0,-76.0,1
-75.0,-94.0,-113.0,-285.0,-32.0,-232.0,47.0,-16.0,-77.0,1
-75.0,-95.0,-114.0,-285.0,-32.0,-234.0,46.0,-16.0,-77.0,1
-75.0,-95.0,-115.0,-287.0,-32.0,-234.0,46.0,-16.0,-77.0,1
-73.0,-94.0,-114.0,-287.0,-32.0,-234.0,46.0,-15.0,-77.0,1
-72.0,-94.0,-113.0,-287.0,-32.0,-232.0,46.0,-14.0,-77.0,1
-41.0,-39.0,-152.0,-253.0,-48.0,-255.0,33.0,31.0,-139.0,2
-41.0,-40.0,-153.0,-253.0,-48.0,-255.0,31.0,31.0,-139.0,2
-42.0,-40.0,-153.0,-253.0,-50.0,-255.0,31.0,31.0,-139.0,2
-41.0,-39.0,-153.0,-250.0,-48.0,-251.0,32.0,32.0,-139.0,2
-40.0,-37.0,-152.0,-248.0,-48.0,-251.0,32.0,33.0,-139.0,2
-39.0,-36.0,-152.0,-243.0,-48.0,-248.0,33.0,34.0,-139.0,2
-38.0,-32.0,-151.0,-243.0,-48.0,-246.0,33.0,36.0,-139.0,2
-32.0,-31.0,-152.0,-243.0,-50.0,-246.0,31.0,36.0,-139.0,2
-32.0,-31.0,-153.0,-243.0,-52.0,-248.0,31.0,36.0,-141.0,2
-32.0,-31.0,-153.0,-244.0,-52.0,-248.0,29.0,36.0,-142.0,2
-32.0,-31.0,-153.0,-246.0,-54.0,-248.0,27.0,36.0,-142.0,2
-32.0,-31.0,-153.0,-248.0,-57.0,-248.0,27.0,36.0,-142.0,2
-32.0,-27.0,-152.0,-248.0,-57.0,-247.0,27.0,41.0,-142.0,2
-31.0,-26.0,-152.0,-248.0,-57.0,-246.0,27.0,41.0,-142.0,2
-29.0,-25.0,-151.0,-247.0,-57.0,-246.0,27.0,41.0,-142.0,2
-26.0,-21.0,-151.0,-247.0,-57.0,-246.0,27.0,41.0,-142.0,2
-29.0,-22.0,-151.0,-250.0,-57.0,-246.0,27.0,44.0,-145.0,2
-29.0,-22.0,-151.0,-250.0,-62.0,-246.0,27.0,44.0,-145.0,2
-32.0,-22.0,-151.0,-250.0,-62.0,-246.0,26.0,44.0,-147.0,2
-32.0,-22.0,-151.0,-250.0,-63.0,-246.0,25.0,44.0,-148.0,2
-32.0,-25.0,-151.0,-250.0,-63.0,-247.0,25.0,44.0,-148.0,2
-32.0,-25.0,-151.0,-247.0,-62.0,-246.0,26.0,44.0,-147.0,2
-32.0,-25.0,-149.0,-247.0,-59.0,-246.0,26.0,44.0,-145.0,2
-30.0,-25.0,-149.0,-245.0,-59.0,-246.0,27.0,44.0,-144.0,2
-30.0,-25.0,-149.0,-245.0,-58.0,-246.0,27.0,44.0,-144.0,2
-32.0,-27.0,-149.0,-247.0,-59.0,-247.0,27.0,42.0,-146.0,2
-32.0,-27.0,-152.0,-248.0,-62.0,-248.0,26.0,40.0,-147.0,2
-32.0,-27.0,-152.0,-248.0,-62.0,-248.0,26.0,40.0,-148.0,2
-35.0,-27.0,-153.0,-249.0,-62.0,-249.0,26.0,40.0,-148.0,2
-37.0,-28.0,-153.0,-250.0,-62.0,-251.0,26.0,40.0,-148.0,2
-35.0,-28.0,-153.0,-250.0,-62.0,-251.0,26.0,40.0,-148.0,2
-33.0,-27.0,-153.0,-249.0,-61.0,-251.0,26.0,40.0,-147.0,2
-33.0,-27.0,-153.0,-249.0,-61.0,-251.0,26.0,40.0,-147.0,2
-33.0,-27.0,-153.0,-249.0,-61.0,-250.0,26.0,40.0,-147.0,2
-38.0,-27.0,-156.0,-248.0,-59.0,-251.0,26.0,38.0,-146.0,2
-39.0,-31.0,-156.0,-248.0,-59.0,-251.0,26.0,38.0,-146.0,2
-40.0,-31.0,-156.0,-248.0,-60.0,-252.0,26.0,36.0,-146.0,2
-40.0,-31.0,-157.0,-248.0,-61.0,-253.0,26.0,36.0,-146.0,2
-40.0,-32.0,-157.0,-249.0,-61.0,-255.0,26.0,34.0,-148.0,2
-40.0,-32.0,-157.0,-249.0,-60.0,-255.0,27.0,36.0,-146.0,2
-40.0,-31.0,-157.0,-249.0,-60.0,-255.0,28.0,36.0,-146.0,2
-40.0,-31.0,-157.0,-249.0,-60.0,-255.0,28.0,36.0,-145.0,2
-40.0,-31.0,-157.0,-248.0,-59.0,-255.0,28.0,37.0,-145.0,2
-40.0,-31.0,-157.0,-249.0,-60.0,-257.0,29.0,38.0,-145.0,2
-40.0,-31.0,-157.0,-254.0,-60.0,-258.0,27.0,38.0,-145.0,2
-40.0,-31.0,-158.0,-255.0,-61.0,-258.0,27.0,36.0,-145.0,2
-40.0,-34.0,-158.0,-255.0,-61.0,-260.0,27.0,36.0,-146.0,2
-40.0,-34.0,-158.0,-255.0,-61.0,-262.0,26.0,35.0,-147.0,2
-40.0,-32.0,-158.0,-255.0,-61.0,-262.0,26.0,35.0,-147.0,2
-40.0,-32.0,-158.0,-255.0,-61.0,-262.0,27.0,35.0,-147.0,2
6.0,14.0,58.0,-141.0,-106.0,63.0,53.0,79.0,-131.0,3
6.0,14.0,63.0,-139.0,-103.0,64.0,53.0,79.0,-131.0,3
6.0,17.0,63.0,-139.0,-101.0,64.0,54.0,80.0,-131.0,3
5.0,14.0,64.0,-141.0,-100.0,68.0,54.0,79.0,-130.0,3
-3.0,12.0,73.0,-149.0,-95.0,73.0,58.0,78.0,-118.0,3
-4.0,13.0,73.0,-150.0,-95.0,78.0,59.0,76.0,-118.0,3
-4.0,13.0,76.0,-150.0,-95.0,79.0,59.0,74.0,-116.0,3
-1.0,13.0,76.0,-150.0,-95.0,82.0,59.0,74.0,-113.0,3
-1.0,15.0,77.0,-149.0,-94.0,82.0,60.0,74.0,-112.0,3
-1.0,15.0,79.0,-149.0,-93.0,84.0,62.0,74.0,-112.0,3
-2.0,15.0,82.0,-148.0,-92.0,84.0,62.0,73.0,-113.0,3
-2.0,14.0,82.0,-149.0,-94.0,84.0,62.0,73.0,-113.0,3
-2.0,14.0,82.0,-150.0,-96.0,84.0,62.0,73.0,-116.0,3
-2.0,14.0,82.0,-150.0,-98.0,84.0,60.0,73.0,-116.0,3
-2.0,14.0,82.0,-150.0,-100.0,84.0,60.0,73.0,-116.0,3
2.0,15.0,82.0,-150.0,-100.0,85.0,60.0,77.0,-116.0,3
4.0,20.0,82.0,-149.0,-100.0,85.0,60.0,79.0,-116.0,3
4.0,21.0,83.0,-149.0,-100.0,85.0,62.0,80.0,-116.0,3
5.0,21.0,83.0,-149.0,-99.0,85.0,62.0,81.0,-116.0,3
4.0,19.0,84.0,-149.0,-100.0,84.0,62.0,80.0,-116.0,3
3.0,19.0,84.0,-149.0,-100.0,84.0,62.0,77.0,-116.0,3
2.0,18.0,84.0,-149.0,-100.0,83.0,62.0,76.0,-116.0,3
1.0,17.0,84.0,-149.0,-100.0,83.0,62.0,75.0,-116.0,3
0.0,16.0,84.0,-149.0,-100.0,83.0,61.0,75.0,-116.0,3
0.0,17.0,84.0,-149.0,-100.0,83.0,61.0,75.0,-115.0,3
1.0,18.0,84.0,-149.0,-100.0,83.0,61.0,75.0,-115.0,3
1.0,19.0,84.0,-145.0,-100.0,84.0,61.0,76.0,-115.0,3
2.0,19.0,86.0,-145.0,-100.0,84.0,62.0,76.0,-115.0,3
2.0,20.0,84.0,-145.0,-98.0,83.0,61.0,77.0,-116.0,3
2.0,20.0,84.0,-145.0,-100.0,82.0,60.0,77.0,-118.0,3
2.0,20.0,84.0,-145.0,-100.0,79.0,59.0,77.0,-118.0,3
2.0,19.0,84.0,-146.0,-100.0,77.0,59.0,77.0,-118.0,3
2.0,19.0,84.0,-147.0,-100.0,77.0,59.0,76.0,-118.0,3
2.0,19.0,84.0,-147.0,-100.0,77.0,60.0,76.0,-118.0,3
2.0,20.0,84.0,-146.0,-100.0,77.0,61.0,76.0,-118.0,3
2.0,21.0,84.0,-145.0,-98.0,77.0,61.0,76.0,-118.0,3
2.0,21.0,84.0,-145.0,-98.0,77.0,61.0,76.0,-116.0,3
0.0,20.0,85.0,-144.0,-97.0,76.0,62.0,75.0,-116.0,3
-1.0,19.0,85.0,-145.0,-97.0,76.0,62.0,73.0,-116.0,3
-3.0,17.0,85.0,-145.0,-97.0,74.0,61.0,72.0,-116.0,3
-6.0,14.0,84.0,-145.0,-97.0,74.0,61.0,72.0,-116.0,3
-3.0,17.0,86.0,-147.0,-94.0,76.0,62.0,73.0,-114.0,3
-1.0,19.0,86.0,-148.0,-92.0,76.0,63.0,75.0,-115.0,3
-1.0,19.0,86.0,-149.0,-98.0,74.0,60.0,75.0,-116.0,3
-1.0,19.0,86.0,-149.0,-98.0,74.0,60.0,75.0,-116.0,3
-4.0,19.0,86.0,-149.0,-98.0,74.0,60.0,74.0,-116.0,3
-4.0,19.0,85.0,-149.0,-98.0,72.0,60.0,72.0,-116.0,3
-3.0,20.0,86.0,-149.0,-94.0,74.0,61.0,74.0,-115.0,3
-3.0,20.0,86.0,-149.0,-94.0,74.0,62.0,74.0,-112.0,3
-3.0,20.0,86.0,-148.0,-94.0,74.0,62.0,74.0,-111.0,3
-40.0,-69.0,-125.0,-398.0,-84.0,-267.0,23.0,1.0,-124.0,4
-40.0,-69.0,-125.0,-399.0,-84.0,-267.0,23.0,1.0,-125.0,4
-40.0,-69.0,-125.0,-399.0,-86.0,-267.0,23.0,1.0,-125.0,4
-40.0,-69.0,-126.0,-399.0,-86.0,-267.0,23.0,1.0,-125.0,4
-39.0,-69.0,-125.0,-399.0,-86.0,-267.0,24.0,5.0,-125.0,4
-36.0,-68.0,-125.0,-399.0,-85.0,-267.0,25.0,5.0,-124.0,4
-34.0,-67.0,-121.0,-399.0,-85.0,-265.0,26.0,7.0,-123.0,4
-34.0,-67.0,-119.0,-399.0,-84.0,-265.0,26.0,7.0,-123.0,4
-34.0,-69.0,-121.0,-401.0,-84.0,-267.0,26.0,6.0,-122.0,4
-39.0,-70.0,-122.0,-402.0,-84.0,-267.0,26.0,5.0,-122.0,4
-42.0,-72.0,-122.0,-402.0,-84.0,-267.0,26.0,4.0,-122.0,4
-44.0,-77.0,-122.0,-402.0,-84.0,-268.0,26.0,0.0,-122.0,4
-45.0,-78.0,-122.0,-403.0,-84.0,-268.0,24.0,-1.0,-122.0,4
-45.0,-78.0,-122.0,-402.0,-83.0,-267.0,26.0,-1.0,-121.0,4
-45.0,-78.0,-121.0,-402.0,-79.0,-267.0,26.0,-1.0,-121.0,4
-44.0,-77.0,-121.0,-402.0,-76.0,-264.0,26.0,-1.0,-120.0,4
-44.0,-77.0,-121.0,-402.0,-76.0,-264.0,27.0,-1.0,-120.0,4
-45.0,-78.0,-119.0,-402.0,-81.0,-264.0,26.0,3.0,-121.0,4
-41.0,-77.0,-119.0,-402.0,-80.0,-264.0,26.0,4.0,-120.0,4
-41.0,-77.0,-119.0,-402.0,-80.0,-264.0,26.0,4.0,-120.0,4
-38.0,-77.0,-119.0,-401.0,-81.0,-264.0,26.0,4.0,-122.0,4
-44.0,-81.0,-119.0,-401.0,-81.0,-265.0,26.0,4.0,-122.0,4
-44.0,-81.0,-119.0,-401.0,-81.0,-265.0,24.0,2.0,-122.0,4
-44.0,-83.0,-119.0,-401.0,-81.0,-265.0,24.0,1.0,-122.0,4
-44.0,-84.0,-120.0,-401.0,-81.0,-267.0,24.0,-1.0,-123.0,4
-44.0,-84.0,-119.0,-401.0,-81.0,-265.0,24.0,-1.0,-122.0,4
-44.0,-83.0,-119.0,-401.0,-81.0,-265.0,26.0,-1.0,-122.0,4
-44.0,-83.0,-119.0,-401.0,-81.0,-265.0,27.0,-1.0,-122.0,4
-44.0,-83.0,-118.0,-401.0,-80.0,-265.0,27.0,-1.0,-122.0,4
-46.0,-85.0,-117.0,-401.0,-81.0,-268.0,27.0,-1.0,-122.0,4
-46.0,-87.0,-119.0,-401.0,-81.0,-268.0,24.0,-1.0,-122.0,4
-46.0,-87.0,-120.0,-401.0,-82.0,-268.0,24.0,-1.0,-122.0,4
-46.0,-87.0,-120.0,-405.0,-82.0,-268.0,24.0,-1.0,-124.0,4
-46.0,-87.0,-120.0,-405.0,-83.0,-269.0,24.0,-1.0,-129.0,4
-46.0,-85.0,-120.0,-401.0,-82.0,-268.0,24.0,-1.0,-129.0,4
-39.0,-83.0,-119.0,-401.0,-82.0,-268.0,24.0,4.0,-129.0,4
-35.0,-83.0,-119.0,-400.0,-82.0,-268.0,25.0,4.0,-129.0,4
-35.0,-82.0,-119.0,-400.0,-82.0,-268.0,26.0,4.0,-129.0,4
-39.0,-79.0,-119.0,-400.0,-83.0,-268.0,25.0,4.0,-127.0,4
-40.0,-83.0,-119.0,-400.0,-84.0,-268.0,25.0,3.0,-127.0,4
-40.0,-86.0,-121.0,-400.0,-84.0,-269.0,25.0,3.0,-127.0,4
-41.0,-86.0,-122.0,-402.0,-84.0,-269.0,24.0,3.0,-127.0,4
-44.0,-89.0,-123.0,-402.0,-88.0,-269.0,24.0,-1.0,-127.0,4
-41.0,-86.0,-122.0,-400.0,-86.0,-269.0,24.0,2.0,-127.0,4
-41.0,-86.0,-122.0,-400.0,-86.0,-269.0,24.0,2.0,-127.0,4
-41.0,-86.0,-121.0,-400.0,-84.0,-268.0,24.0,2.0,-127.0,4
-41.0,-86.0,-121.0,-398.0,-84.0,-268.0,24.0,2.0,-127.0,4
-42.0,-86.0,-121.0,-400.0,-83.0,-268.0,24.0,2.0,-126.0,4
-45.0,-86.0,-121.0,-400.0,-84.0,-269.0,21.0,-1.0,-126.0,4
-45.0,-86.0,-121.0,-400.0,-86.0,-269.0,21.0,-1.0,-127.0,4
42.0,-38.0,8.0,-179.0,-39.0,-128.0,43.0,11.0,-71.0,5
42.0,-38.0,8.0,-179.0,-39.0,-128.0,43.0,11.0,-73.0,5
43.0,-36.0,8.0,-179.0,-38.0,-127.0,44.0,16.0,-73.0,5
43.0,-36.0,8.0,-179.0,-38.0,-127.0,45.0,16.0,-71.0,5
43.0,-36.0,8.0,-179.0,-38.0,-124.0,45.0,17.0,-71.0,5
45.0,-36.0,8.0,-179.0,-38.0,-124.0,46.0,17.0,-70.0,5
43.0,-39.0,9.0,-179.0,-38.0,-124.0,45.0,15.0,-70.0,5
39.0,-42.0,8.0,-180.0,-38.0,-124.0,45.0,14.0,-71.0,5
41.0,-39.0,8.0,-179.0,-38.0,-120.0,45.0,15.0,-71.0,5
41.0,-39.0,9.0,-179.0,-38.0,-118.0,48.0,15.0,-71.0,5
41.0,-39.0,12.0,-179.0,-36.0,-118.0,48.0,15.0,-71.0,5
43.0,-42.0,13.0,-179.0,-36.0,-116.0,48.0,17.0,-71.0,5
43.0,-42.0,14.0,-181.0,-38.0,-116.0,48.0,17.0,-72.0,5
43.0,-42.0,14.0,-181.0,-38.0,-116.0,49.0,20.0,-71.0,5
43.0,-42.0,16.0,-181.0,-38.0,-116.0,49.0,20.0,-71.0,5
43.0,-42.0,16.0,-181.0,-36.0,-116.0,50.0,20.0,-71.0,5
41.0,-43.0,13.0,-183.0,-36.0,-116.0,50.0,17.0,-70.0,5
37.0,-48.0,13.0,-186.0,-36.0,-118.0,50.0,15.0,-70.0,5
25.0,-55.0,10.0,-202.0,-34.0,-130.0,53.0,8.0,-65.0,5
27.0,-54.0,10.0,-202.0,-34.0,-130.0,53.0,8.0,-65.0,5
31.0,-54.0,10.0,-202.0,-34.0,-130.0,53.0,9.0,-65.0,5
32.0,-53.0,10.0,-198.0,-38.0,-132.0,51.0,8.0,-67.0,5
28.0,-54.0,8.0,-202.0,-38.0,-133.0,51.0,7.0,-67.0,5
28.0,-55.0,8.0,-203.0,-38.0,-133.0,51.0,6.0,-67.0,5
27.0,-59.0,6.0,-203.0,-39.0,-134.0,51.0,6.0,-67.0,5
27.0,-59.0,6.0,-204.0,-39.0,-134.0,51.0,4.0,-68.0,5
27.0,-59.0,6.0,-204.0,-38.0,-134.0,51.0,6.0,-67.0,5
27.0,-59.0,6.0,-204.0,-38.0,-134.0,51.0,6.0,-67.0,5
27.0,-59.0,6.0,-204.0,-38.0,-134.0,51.0,6.0,-66.0,5
28.0,-59.0,6.0,-203.0,-38.0,-134.0,52.0,6.0,-65.0,5
27.0,-62.0,6.0,-204.0,-38.0,-137.0,51.0,4.0,-66.0,5
27.0,-62.0,5.0,-206.0,-39.0,-137.0,51.0,2.0,-67.0,5
27.0,-63.0,5.0,-207.0,-41.0,-139.0,51.0,-2.0,-67.0,5
23.0,-63.0,5.0,-207.0,-41.0,-139.0,50.0,-2.0,-68.0,5
23.0,-63.0,5.0,-207.0,-41.0,-139.0,50.0,-2.0,-68.0,5
25.0,-63.0,5.0,-207.0,-41.0,-139.0,51.0,-1.0,-68.0,5
27.0,-62.0,5.0,-206.0,-41.0,-139.0,51.0,0.0,-67.0,5
28.0,-61.0,5.0,-205.0,-41.0,-139.0,51.0,2.0,-66.0,5
29.0,-60.0,5.0,-205.0,-41.0,-139.0,51.0,3.0,-66.0,5
34.0,-52.0,4.0,-204.0,-44.0,-140.0,48.0,3.0,-68.0,5
30.0,-57.0,3.0,-204.0,-45.0,-140.0,48.0,2.0,-68.0,5
28.0,-57.0,2.0,-204.0,-45.0,-140.0,48.0,2.0,-68.0,5
28.0,-58.0,2.0,-204.0,-45.0,-140.0,48.0,-1.0,-68.0,5
26.0,-61.0,2.0,-204.0,-45.0,-140.0,48.0,-1.0,-68.0,5
28.0,-61.0,3.0,-204.0,-45.0,-137.0,48.0,-1.0,-68.0,5
30.0,-58.0,3.0,-204.0,-45.0,-136.0,49.0,-1.0,-67.0,5
31.0,-57.0,4.0,-203.0,-44.0,-135.0,49.0,2.0,-65.0,5
31.0,-56.0,4.0,-202.0,-44.0,-135.0,50.0,2.0,-65.0,5
28.0,-55.0,4.0,-198.0,-44.0,-135.0,49.0,2.0,-64.0,5
28.0,-55.0,4.0,-201.0,-44.0,-135.0,49.0,2.0,-65.0,5
0.0,-38.0,-40.0,-236.0,-62.0,-178.0,18.0,5.0,-110.0,6
2.0,-31.0,-39.0,-236.0,-62.0,-177.0,18.0,14.0,-110.0,6
5.0,-31.0,-39.0,-234.0,-68.0,-174.0,16.0,17.0,-116.0,6
5.0,-31.0,-39.0,-239.0,-69.0,-178.0,13.0,13.0,-122.0,6
0.0,-38.0,-39.0,-239.0,-69.0,-178.0,13.0,13.0,-122.0,6
5.0,-31.0,-35.0,-236.0,-68.0,-174.0,15.0,17.0,-121.0,6
5.0,-31.0,-35.0,-235.0,-67.0,-172.0,16.0,17.0,-118.0,6
2.0,-33.0,-33.0,-234.0,-67.0,-173.0,15.0,16.0,-118.0,6
2.0,-34.0,-33.0,-234.0,-68.0,-173.0,15.0,16.0,-121.0,6
5.0,-33.0,-33.0,-236.0,-67.0,-171.0,16.0,17.0,-117.0,6
5.0,-33.0,-30.0,-236.0,-67.0,-169.0,17.0,17.0,-117.0,6
5.0,-33.0,-29.0,-234.0,-67.0,-165.0,17.0,17.0,-117.0,6
1.0,-33.0,-25.0,-236.0,-67.0,-169.0,19.0,14.0,-116.0,6
7.0,-37.0,-22.0,-241.0,-64.0,-170.0,18.0,19.0,-112.0,6
4.0,-38.0,-22.0,-241.0,-64.0,-170.0,18.0,17.0,-112.0,6
4.0,-38.0,-22.0,-241.0,-63.0,-169.0,18.0,17.0,-111.0,6
4.0,-38.0,-19.0,-241.0,-63.0,-169.0,19.0,17.0,-111.0,6
1.0,-41.0,-19.0,-247.0,-64.0,-172.0,18.0,15.0,-108.0,6
4.0,-40.0,-19.0,-245.0,-64.0,-172.0,19.0,16.0,-107.0,6
4.0,-35.0,-17.0,-245.0,-63.0,-171.0,19.0,17.0,-107.0,6
5.0,-34.0,-17.0,-244.0,-63.0,-171.0,19.0,18.0,-107.0,6
6.0,-32.0,-17.0,-244.0,-63.0,-171.0,19.0,18.0,-107.0,6
7.0,-31.0,-15.0,-243.0,-62.0,-172.0,19.0,18.0,-107.0,6
7.0,-33.0,-15.0,-243.0,-62.0,-172.0,19.0,16.0,-107.0,6
7.0,-33.0,-15.0,-243.0,-62.0,-172.0,19.0,16.0,-108.0,6
7.0,-33.0,-15.0,-243.0,-62.0,-172.0,18.0,16.0,-108.0,6
5.0,-33.0,-15.0,-243.0,-63.0,-172.0,17.0,16.0,-109.0,6
7.0,-32.0,-15.0,-243.0,-63.0,-172.0,18.0,18.0,-109.0,6
8.0,-31.0,-15.0,-241.0,-62.0,-171.0,18.0,19.0,-109.0,6
9.0,-26.0,-15.0,-238.0,-62.0,-170.0,19.0,19.0,-109.0,6
13.0,-25.0,-15.0,-236.0,-62.0,-170.0,19.0,20.0,-109.0,6
14.0,-19.0,-17.0,-231.0,-60.0,-170.0,17.0,20.0,-112.0,6
14.0,-22.0,-17.0,-232.0,-61.0,-170.0,17.0,20.0,-112.0,6
14.0,-26.0,-18.0,-232.0,-62.0,-172.0,17.0,19.0,-112.0,6
9.0,-27.0,-18.0,-232.0,-62.0,-172.0,17.0,18.0,-112.0,6
9.0,-27.0,-18.0,-233.0,-62.0,-172.0,17.0,16.0,-112.0,6
9.0,-27.0,-18.0,-233.0,-62.0,-172.0,17.0,16.0,-112.0,6
9.0,-27.0,-17.0,-233.0,-61.0,-172.0,18.0,18.0,-109.0,6
11.0,-26.0,-14.0,-233.0,-61.0,-170.0,18.0,19.0,-109.0,6
13.0,-24.0,-14.0,-233.0,-61.0,-169.0,19.0,19.0,-109.0,6
12.0,-24.0,-13.0,-232.0,-61.0,-170.0,18.0,20.0,-109.0,6
12.0,-24.0,-13.0,-236.0,-62.0,-170.0,18.0,18.0,-109.0,6
11.0,-26.0,-13.0,-237.0,-63.0,-170.0,18.0,17.0,-112.0,6
11.0,-27.0,-13.0,-237.0,-63.0,-170.0,18.0,17.0,-112.0,6
11.0,-27.0,-14.0,-237.0,-63.0,-171.0,18.0,17.0,-112.0,6
12.0,-26.0,-13.0,-237.0,-62.0,-170.0,18.0,17.0,-112.0,6
12.0,-26.0,-13.0,-237.0,-61.0,-170.0,18.0,18.0,-112.0,6
12.0,-24.0,-13.0,-236.0,-61.0,-170.0,18.0,18.0,-112.0,6
14.0,-22.0,-13.0,-236.0,-61.0,-170.0,19.0,20.0,-112.0,6
14.0,-19.0,-12.0,-234.0,-63.0,-169.0,18.0,20.0,-112.0,6
-18.0,-54.0,-18.0,-315.0,-81.0,-170.0,17.0,12.0,-110.0,7
-18.0,-49.0,-18.0,-315.0,-81.0,-170.0,17.0,13.0,-110.0,7
-18.0,-49.0,-18.0,-315.0,-81.0,-170.0,17.0,13.0,-110.0,7
-19.0,-51.0,-16.0,-316.0,-79.0,-171.0,17.0,16.0,-110.0,7
-19.0,-51.0,-20.0,-316.0,-79.0,-171.0,15.0,16.0,-110.0,7
-20.0,-51.0,-20.0,-317.0,-79.0,-171.0,15.0,13.0,-110.0,7
-22.0,-53.0,-20.0,-317.0,-79.0,-171.0,14.0,13.0,-109.0,7
-22.0,-52.0,-19.0,-317.0,-79.0,-171.0,15.0,13.0,-107.0,7
-22.0,-52.0,-19.0,-317.0,-79.0,-171.0,15.0,13.0,-107.0,7
-22.0,-52.0,-16.0,-317.0,-78.0,-171.0,15.0,13.0,-107.0,7
-24.0,-52.0,-18.0,-315.0,-82.0,-174.0,14.0,13.0,-106.0,7
-24.0,-51.0,-18.0,-314.0,-79.0,-174.0,16.0,15.0,-106.0,7
-24.0,-51.0,-18.0,-314.0,-78.0,-173.0,17.0,16.0,-105.0,7
-24.0,-52.0,-17.0,-318.0,-78.0,-172.0,16.0,15.0,-106.0,7
-24.0,-54.0,-18.0,-318.0,-79.0,-172.0,16.0,13.0,-106.0,7
-25.0,-55.0,-19.0,-318.0,-79.0,-174.0,16.0,13.0,-106.0,7
-25.0,-55.0,-19.0,-318.0,-79.0,-174.0,16.0,13.0,-106.0,7
-24.0,-55.0,-18.0,-314.0,-78.0,-172.0,16.0,14.0,-106.0,7
-25.0,-57.0,-18.0,-317.0,-77.0,-174.0,16.0,14.0,-105.0,7
-21.0,-59.0,-17.0,-304.0,-79.0,-166.0,14.0,20.0,-105.0,7
-21.0,-59.0,-17.0,-304.0,-79.0,-170.0,14.0,20.0,-108.0,7
-22.0,-59.0,-17.0,-304.0,-80.0,-170.0,14.0,20.0,-108.0,7
-22.0,-59.0,-17.0,-304.0,-80.0,-170.0,14.0,20.0,-108.0,7
-22.0,-59.0,-17.0,-304.0,-80.0,-170.0,14.0,20.0,-108.0,7
-22.0,-59.0,-16.0,-303.0,-80.0,-168.0,14.0,20.0,-108.0,7
-21.0,-59.0,-16.0,-302.0,-79.0,-167.0,14.0,22.0,-108.0,7
-21.0,-59.0,-16.0,-301.0,-79.0,-167.0,14.0,22.0,-107.0,7
-21.0,-59.0,-16.0,-301.0,-76.0,-167.0,17.0,22.0,-107.0,7
-22.0,-59.0,-16.0,-303.0,-76.0,-170.0,17.0,19.0,-105.0,7
-23.0,-61.0,-16.0,-315.0,-76.0,-172.0,17.0,19.0,-105.0,7
-20.0,-58.0,-16.0,-307.0,-75.0,-170.0,20.0,25.0,-104.0,7
-17.0,-58.0,-16.0,-309.0,-76.0,-171.0,20.0,25.0,-105.0,7
-17.0,-58.0,-16.0,-309.0,-78.0,-172.0,20.0,25.0,-105.0,7
-18.0,-58.0,-16.0,-309.0,-78.0,-172.0,17.0,25.0,-105.0,7
-20.0,-61.0,-16.0,-309.0,-78.0,-172.0,17.0,24.0,-105.0,7
-20.0,-61.0,-16.0,-309.0,-78.0,-173.0,17.0,21.0,-105.0,7
-20.0,-61.0,-16.0,-308.0,-76.0,-172.0,17.0,22.0,-104.0,7
-19.0,-59.0,-16.0,-305.0,-74.0,-172.0,20.0,24.0,-104.0,7
-13.0,-52.0,-13.0,-301.0,-66.0,-167.0,25.0,25.0,-101.0,7
-13.0,-51.0,-12.0,-303.0,-66.0,-166.0,24.0,27.0,-102.0,7
-13.0,-51.0,-12.0,-303.0,-67.0,-166.0,24.0,24.0,-103.0,7
-13.0,-51.0,-12.0,-303.0,-69.0,-166.0,24.0,24.0,-103.0,7
-14.0,-51.0,-12.0,-303.0,-69.0,-166.0,24.0,24.0,-103.0,7
-14.0,-51.0,-16.0,-303.0,-72.0,-166.0,24.0,23.0,-103.0,7
-14.0,-51.0,-13.0,-301.0,-69.0,-166.0,26.0,24.0,-103.0,7
-14.0,-51.0,-12.0,-300.0,-67.0,-166.0,26.0,24.0,-102.0,7
-14.0,-51.0,-12.0,-299.0,-66.0,-165.0,26.0,26.0,-102.0,7
-13.0,-51.0,-12.0,-298.0,-66.0,-165.0,27.0,26.0,-102.0,7
-13.0,-48.0,-13.0,-298.0,-64.0,-167.0,26.0,26.0,-102.0,7
-14.0,-51.0,-14.0,-299.0,-64.0,-167.0,26.0,26.0,-102.0,7
18.0,45.0,12.0,-185.0,-48.0,-25.0,74.0,53.0,-107.0,8
22.0,51.0,12.0,-185.0,-48.0,-25.0,74.0,53.0,-107.0,8
22.0,55.0,13.0,-197.0,-52.0,-25.0,74.0,54.0,-107.0,8
22.0,54.0,11.0,-201.0,-52.0,-27.0,72.0,54.0,-108.0,8
18.0,53.0,11.0,-201.0,-57.0,-31.0,72.0,54.0,-109.0,8
18.0,45.0,11.0,-203.0,-57.0,-31.0,71.0,54.0,-113.0,8
18.0,45.0,9.0,-205.0,-58.0,-31.0,70.0,54.0,-114.0,8
18.0,48.0,11.0,-205.0,-58.0,-31.0,70.0,54.0,-114.0,8
20.0,49.0,11.0,-205.0,-57.0,-31.0,70.0,56.0,-114.0,8
20.0,51.0,13.0,-203.0,-57.0,-31.0,71.0,57.0,-114.0,8
20.0,51.0,13.0,-202.0,-56.0,-30.0,71.0,57.0,-114.0,8
18.0,50.0,13.0,-201.0,-57.0,-31.0,71.0,55.0,-113.0,8
16.0,48.0,11.0,-201.0,-57.0,-31.0,71.0,54.0,-115.0,8
14.0,46.0,11.0,-201.0,-57.0,-31.0,69.0,54.0,-116.0,8
14.0,46.0,11.0,-201.0,-57.0,-31.0,69.0,53.0,-117.0,8
16.0,50.0,11.0,-190.0,-52.0,-28.0,70.0,57.0,-117.0,8
16.0,51.0,9.0,-191.0,-56.0,-28.0,70.0,58.0,-117.0,8
14.0,49.0,8.0,-191.0,-56.0,-30.0,70.0,57.0,-118.0,8
14.0,46.0,7.0,-191.0,-56.0,-32.0,69.0,57.0,-119.0,8
11.0,47.0,-1.0,-191.0,-55.0,-32.0,72.0,56.0,-119.0,8
11.0,47.0,-1.0,-191.0,-55.0,-34.0,72.0,56.0,-122.0,8
11.0,47.0,-1.0,-191.0,-56.0,-34.0,72.0,56.0,-122.0,8
15.0,50.0,0.0,-191.0,-56.0,-32.0,72.0,56.0,-120.0,8
15.0,50.0,0.0,-191.0,-55.0,-32.0,73.0,58.0,-119.0,8
16.0,51.0,0.0,-191.0,-54.0,-32.0,74.0,58.0,-119.0,8
16.0,53.0,0.0,-191.0,-53.0,-32.0,74.0,58.0,-118.0,8
16.0,51.0,0.0,-192.0,-53.0,-32.0,72.0,56.0,-119.0,8
12.0,50.0,0.0,-192.0,-53.0,-35.0,72.0,54.0,-119.0,8
12.0,50.0,0.0,-193.0,-53.0,-37.0,72.0,54.0,-119.0,8
11.0,49.0,0.0,-194.0,-53.0,-38.0,72.0,54.0,-119.0,8
11.0,49.0,0.0,-194.0,-53.0,-38.0,72.0,54.0,-119.0,8
4.0,51.0,0.0,-206.0,-44.0,-40.0,72.0,50.0,-114.0,8
4.0,51.0,0.0,-205.0,-44.0,-40.0,72.0,50.0,-114.0,8
4.0,53.0,1.0,-206.0,-45.0,-39.0,73.0,49.0,-117.0,8
4.0,53.0,0.0,-206.0,-45.0,-40.0,72.0,49.0,-117.0,8
4.0,53.0,-1.0,-206.0,-46.0,-40.0,71.0,49.0,-117.0,8
4.0,53.0,-2.0,-209.0,-46.0,-40.0,71.0,48.0,-117.0,8
4.0,53.0,-3.0,-210.0,-48.0,-40.0,71.0,48.0,-117.0,8
5.0,53.0,-3.0,-209.0,-48.0,-39.0,71.0,48.0,-117.0,8
5.0,49.0,-6.0,-213.0,-48.0,-41.0,68.0,49.0,-117.0,8
5.0,49.0,-6.0,-213.0,-49.0,-44.0,67.0,49.0,-119.0,8
4.0,49.0,-6.0,-217.0,-49.0,-46.0,66.0,49.0,-120.0,8
2.0,49.0,-7.0,-217.0,-51.0,-46.0,66.0,48.0,-120.0,8
2.0,49.0,-7.0,-216.0,-49.0,-44.0,67.0,48.0,-119.0,8
2.0,49.0,-7.0,-213.0,-49.0,-43.0,67.0,48.0,-119.0,8
2.0,49.0,-7.0,-213.0,-48.0,-43.0,67.0,48.0,-119.0,8
2.0,49.0,-7.0,-213.0,-48.0,-43.0,67.0,48.0,-118.0,8
-3.0,49.0,-6.0,-212.0,-48.0,-42.0,66.0,44.0,-119.0,8
-3.0,47.0,-7.0,-213.0,-48.0,-42.0,64.0,43.0,-119.0,8
-4.0,47.0,-9.0,-216.0,-48.0,-42.0,64.0,41.0,-119.0,8
108.0,10.0,37.0,-177.0,-14.0,-49.0,68.0,54.0,-57.0,9
108.0,10.0,37.0,-177.0,-15.0,-49.0,68.0,54.0,-57.0,9
108.0,9.0,37.0,-177.0,-15.0,-49.0,68.0,54.0,-58.0,9
108.0,9.0,37.0,-177.0,-16.0,-50.0,67.0,54.0,-58.0,9
108.0,10.0,37.0,-176.0,-16.0,-49.0,68.0,56.0,-58.0,9
109.0,11.0,39.0,-175.0,-16.0,-49.0,68.0,58.0,-58.0,9
114.0,11.0,41.0,-171.0,-15.0,-49.0,68.0,58.0,-58.0,9
114.0,17.0,42.0,-170.0,-15.0,-47.0,68.0,59.0,-58.0,9
110.0,13.0,41.0,-169.0,-16.0,-49.0,68.0,58.0,-60.0,9
110.0,13.0,41.0,-169.0,-18.0,-49.0,67.0,58.0,-60.0,9
110.0,13.0,41.0,-169.0,-18.0,-49.0,67.0,58.0,-60.0,9
112.0,15.0,41.0,-168.0,-18.0,-47.0,67.0,58.0,-58.0,9
114.0,19.0,41.0,-168.0,-18.0,-46.0,67.0,60.0,-58.0,9
116.0,19.0,42.0,-166.0,-18.0,-46.0,67.0,61.0,-58.0,9
109.0,15.0,41.0,-168.0,-18.0,-46.0,67.0,58.0,-58.0,9
109.0,10.0,39.0,-169.0,-20.0,-49.0,64.0,56.0,-65.0,9
110.0,10.0,40.0,-169.0,-19.0,-49.0,64.0,56.0,-65.0,9
110.0,10.0,41.0,-168.0,-20.0,-51.0,64.0,55.0,-65.0,9
110.0,9.0,41.0,-168.0,-20.0,-51.0,64.0,55.0,-66.0,9
109.0,9.0,41.0,-168.0,-20.0,-51.0,64.0,53.0,-66.0,9
106.0,9.0,41.0,-168.0,-22.0,-51.0,64.0,53.0,-66.0,9
106.0,7.0,40.0,-168.0,-22.0,-51.0,64.0,53.0,-66.0,9
106.0,9.0,40.0,-166.0,-20.0,-51.0,64.0,53.0,-66.0,9
106.0,9.0,41.0,-166.0,-18.0,-49.0,66.0,53.0,-65.0,9
110.0,7.0,43.0,-169.0,-20.0,-48.0,66.0,55.0,-62.0,9
112.0,9.0,44.0,-169.0,-20.0,-47.0,66.0,56.0,-62.0,9
114.0,10.0,45.0,-169.0,-20.0,-47.0,67.0,56.0,-62.0,9
112.0,10.0,46.0,-167.0,-22.0,-47.0,66.0,56.0,-63.0,9
111.0,9.0,45.0,-167.0,-23.0,-47.0,67.0,54.0,-63.0,9
111.0,10.0,45.0,-166.0,-23.0,-46.0,67.0,55.0,-61.0,9
111.0,11.0,45.0,-166.0,-22.0,-44.0,68.0,56.0,-61.0,9
112.0,14.0,46.0,-165.0,-22.0,-43.0,68.0,56.0,-61.0,9
111.0,14.0,45.0,-163.0,-23.0,-44.0,66.0,57.0,-60.0,9
111.0,14.0,45.0,-163.0,-23.0,-44.0,66.0,56.0,-60.0,9
111.0,14.0,45.0,-163.0,-24.0,-47.0,66.0,56.0,-64.0,9
111.0,13.0,45.0,-166.0,-24.0,-48.0,66.0,56.0,-64.0,9
110.0,13.0,45.0,-166.0,-24.0,-48.0,66.0,54.0,-64.0,9
111.0,13.0,46.0,-163.0,-24.0,-48.0,66.0,56.0,-64.0,9
113.0,14.0,46.0,-160.0,-24.0,-48.0,66.0,57.0,-64.0,9
114.0,14.0,48.0,-159.0,-23.0,-48.0,66.0,57.0,-64.0,9
114.0,15.0,48.0,-158.0,-23.0,-47.0,66.0,57.0,-64.0,9
112.0,14.0,46.0,-157.0,-23.0,-47.0,65.0,56.0,-64.0,9
114.0,14.0,48.0,-157.0,-22.0,-44.0,66.0,56.0,-64.0,9
115.0,14.0,50.0,-153.0,-22.0,-44.0,68.0,56.0,-63.0,9
115.0,16.0,50.0,-151.0,-21.0,-42.0,68.0,56.0,-62.0,9
116.0,16.0,50.0,-151.0,-20.0,-42.0,68.0,56.0,-62.0,9
117.0,15.0,50.0,-148.0,-19.0,-39.0,69.0,56.0,-60.0,9
117.0,15.0,50.0,-151.0,-19.0,-42.0,68.0,56.0,-60.0,9
117.0,15.0,50.0,-151.0,-19.0,-42.0,68.0,56.0,-62.0,9
115.0,15.0,48.0,-151.0,-21.0,-44.0,66.0,54.0,-62.0,9
-23.0,-29.0,-28.0,-20.0,-20.0,-28.0,-13.0,-19.0,-25.0,10
-22.0,-29.0,-28.0,-19.0,-20.0,-27.0,-13.0,-18.0,-25.0,10
-22.0,-29.0,-28.0,-20.0,-19.0,-28.0,-12.0,-18.0,-25.0,10
-22.0,-30.0,-29.0,-20.0,-19.0,-28.0,-12.0,-18.0,-25.0,10
-22.0,-30.0,-29.0,-20.0,-19.0,-28.0,-12.0,-18.0,-25.0,10
-22.0,-30.0,-29.0,-20.0,-19.0,-28.0,-12.0,-18.0,-26.0,10
-22.0,-31.0,-29.0,-21.0,-19.0,-28.0,-12.0,-18.0,-26.0,10
-22.0,-30.0,-29.0,-20.0,-19.0,-27.0,-10.0,-17.0,-25.0,10
-20.0,-30.0,-29.0,-20.0,-17.0,-27.0,-9.0,-17.0,-25.0,10
-20.0,-30.0,-29.0,-20.0,-16.0,-27.0,-9.0,-17.0,-25.0,10
-20.0,-30.0,-28.0,-17.0,-14.0,-27.0,-8.0,-16.0,-24.0,10
-19.0,-30.0,-28.0,-14.0,-13.0,-28.0,-7.0,-17.0,-24.0,10
-20.0,-30.0,-29.0,-14.0,-13.0,-28.0,-7.0,-17.0,-25.0,10
-20.0,-30.0,-29.0,-18.0,-14.0,-28.0,-7.0,-18.0,-25.0,10
-20.0,-30.0,-29.0,-18.0,-14.0,-28.0,-7.0,-18.0,-25.0,10
-20.0,-30.0,-29.0,-18.0,-15.0,-28.0,-7.0,-19.0,-25.0,10
-20.0,-30.0,-29.0,-14.0,-14.0,-28.0,-7.0,-19.0,-25.0,10
-19.0,-30.0,-29.0,-14.0,-14.0,-28.0,-6.0,-18.0,-25.0,10
-19.0,-30.0,-29.0,-13.0,-13.0,-28.0,-5.0,-18.0,-25.0,10
-19.0,-30.0,-29.0,-11.0,-13.0,-28.0,-4.0,-18.0,-25.0,10
-19.0,-30.0,-28.0,-11.0,-12.0,-28.0,-2.0,-18.0,-25.0,10
-19.0,-30.0,-29.0,-13.0,-12.0,-28.0,-2.0,-20.0,-25.0,10
-19.0,-30.0,-29.0,-14.0,-12.0,-28.0,-5.0,-20.0,-26.0,10
-19.0,-30.0,-29.0,-14.0,-13.0,-28.0,-5.0,-20.0,-26.0,10
-16.0,-28.0,-30.0,-10.0,-8.0,-27.0,2.0,-19.0,-26.0,10
-15.0,-28.0,-30.0,-8.0,-7.0,-26.0,3.0,-17.0,-24.0,10
-15.0,-28.0,-30.0,-6.0,-7.0,-25.0,4.0,-17.0,-23.0,10
-13.0,-28.0,-28.0,-5.0,-5.0,-24.0,5.0,-16.0,-22.0,10
-11.0,-27.0,-28.0,-2.0,-4.0,-24.0,6.0,-16.0,-21.0,10
-11.0,-27.0,-26.0,-5.0,-3.0,-24.0,6.0,-15.0,-21.0,10
-11.0,-27.0,-28.0,-5.0,-3.0,-24.0,6.0,-15.0,-21.0,10
-11.0,-27.0,-28.0,-5.0,-3.0,-24.0,6.0,-15.0,-21.0,10
-11.0,-26.0,-28.0,-5.0,-3.0,-24.0,7.0,-13.0,-20.0,10
-10.0,-26.0,-26.0,-2.0,-2.0,-24.0,7.0,-13.0,-19.0,10
-10.0,-26.0,-26.0,-2.0,0.0,-24.0,8.0,-13.0,-18.0,10
-9.0,-25.0,-25.0,-1.0,0.0,-22.0,8.0,-13.0,-17.0,10
-9.0,-24.0,-23.0,0.0,0.0,-22.0,8.0,-12.0,-16.0,10
-9.0,-24.0,-23.0,0.0,0.0,-22.0,8.0,-15.0,-16.0,10
-9.0,-24.0,-23.0,0.0,0.0,-22.0,7.0,-15.0,-18.0,10
-9.0,-24.0,-23.0,0.0,0.0,-22.0,6.0,-15.0,-18.0,10
-10.0,-24.0,-23.0,0.0,0.0,-22.0,6.0,-15.0,-18.0,10
-9.0,-24.0,-23.0,1.0,0.0,-20.0,6.0,-13.0,-16.0,10
-8.0,-24.0,-23.0,1.0,0.0,-19.0,7.0,-12.0,-16.0,10
-8.0,-23.0,-23.0,1.0,0.0,-18.0,8.0,-10.0,-15.0,10
-7.0,-23.0,-23.0,1.0,1.0,-18.0,8.0,-9.0,-15.0,10
-8.0,-22.0,-23.0,0.0,0.0,-18.0,8.0,-10.0,-14.0,10
-9.0,-22.0,-23.0,-2.0,0.0,-18.0,8.0,-10.0,-15.0,10
-9.0,-22.0,-23.0,-2.0,0.0,-18.0,7.0,-10.0,-16.0,10
-9.0,-22.0,-24.0,-2.0,0.0,-18.0,6.0,-12.0,-16.0,10
-9.0,-22.0,-24.0,-2.0,-1.0,-18.0,6.0,-12.0,-18.0,10
-65.0,-88.0,-68.0,-107.0,-17.0,-110.0,23.0,-54.0,-60.0,0
-64.0,-88.0,-67.0,-107.0,-16.0,-110.0,24.0,-53.0,-59.0,0
-62.0,-87.0,-67.0,-107.0,-16.0,-110.0,24.0,-52.0,-59.0,0
-60.0,-85.0,-67.0,-107.0,-16.0,-110.0,26.0,-52.0,-59.0,0
-62.0,-87.0,-66.0,-116.0,-15.0,-112.0,26.0,-52.0,-61.0,0
-62.0,-87.0,-66.0,-116.0,-16.0,-113.0,26.0,-52.0,-61.0,0
-65.0,-88.0,-68.0,-120.0,-16.0,-116.0,26.0,-53.0,-61.0,0
-65.0,-88.0,-68.0,-120.0,-16.0,-116.0,26.0,-53.0,-61.0,0
-65.0,-88.0,-68.0,-120.0,-16.0,-116.0,26.0,-54.0,-61.0,0
-65.0,-88.0,-68.0,-116.0,-16.0,-113.0,26.0,-54.0,-61.0,0
-65.0,-88.0,-68.0,-116.0,-15.0,-113.0,28.0,-54.0,-58.0,0
-65.0,-88.0,-68.0,-116.0,-15.0,-113.0,29.0,-54.0,-58.0,0
-65.0,-88.0,-68.0,-116.0,-13.0,-113.0,30.0,-54.0,-58.0,0
-72.0,-94.0,-66.0,-124.0,-13.0,-114.0,29.0,-59.0,-55.0,0
-72.0,-94.0,-67.0,-125.0,-10.0,-114.0,31.0,-55.0,-55.0,0
-70.0,-92.0,-69.0,-125.0,-11.0,-114.0,31.0,-54.0,-55.0,0
-71.0,-92.0,-69.0,-128.0,-14.0,-116.0,30.0,-56.0,-55.0,0
-72.0,-94.0,-69.0,-130.0,-14.0,-116.0,30.0,-58.0,-55.0,0
-74.0,-97.0,-69.0,-130.0,-14.0,-116.0,30.0,-59.0,-58.0,0
-76.0,-97.0,-69.0,-130.0,-14.0,-116.0,30.0,-59.0,-58.0,0
-76.0,-97.0,-69.0,-128.0,-11.0,-116.0,30.0,-59.0,-55.0,0
-76.0,-97.0,-69.0,-128.0,-11.0,-116.0,30.0,-59.0,-55.0,0
-76.0,-97.0,-69.0,-128.0,-11.0,-116.0,30.0,-59.0,-54.0,0
-76.0,-97.0,-69.0,-128.0,-10.0,-116.0,30.0,-59.0,-54.0,0
-77.0,-100.0,-69.0,-128.0,-10.0,-122.0,31.0,-63.0,-55.0,0
-80.0,-102.0,-70.0,-129.0,-10.0,-122.0,31.0,-63.0,-56.0,0
-80.0,-102.0,-71.0,-132.0,-11.0,-122.0,31.0,-63.0,-56.0,0
-81.0,-102.0,-71.0,-136.0,-12.0,-123.0,31.0,-63.0,-58.0,0
-81.0,-102.0,-71.0,-136.0,-14.0,-123.0,31.0,-63.0,-58.0,0
-80.0,-100.0,-71.0,-136.0,-13.0,-123.0,31.0,-63.0,-58.0,0
-77.0,-99.0,-70.0,-136.0,-12.0,-123.0,31.0,-63.0,-58.0,0
-73.0,-98.0,-70.0,-136.0,-12.0,-123.0,31.0,-61.0,-58.0,0
-72.0,-98.0,-70.0,-136.0,-12.0,-123.0,31.0,-60.0,-58.0,0
-70.0,-98.0,-70.0,-137.0,-14.0,-125.0,31.0,-61.0,-59.0,0
-73.0,-98.0,-71.0,-137.0,-14.0,-125.0,30.0,-61.0,-60.0,0
-73.0,-98.0,-72.0,-137.0,-15.0,-125.0,30.0,-61.0,-60.0,0
-79.0,-98.0,-72.0,-137.0,-16.0,-125.0,30.0,-61.0,-60.0,0
-79.0,-98.0,-72.0,-137.0,-17.0,-126.0,28.0,-61.0,-62.0,0
-78.0,-98.0,-72.0,-137.0,-17.0,-126.0,28.0,-60.0,-62.0,0
-77.0,-98.0,-72.0,-137.0,-17.0,-126.0,28.0,-60.0,-62.0,0
-77.0,-98.0,-72.0,-134.0,-17.0,-126.0,28.0,-60.0,-62.0,0
-77.0,-98.0,-72.0,-132.0,-16.0,-125.0,28.0,-59.0,-60.0,0
-76.0,-98.0,-74.0,-134.0,-15.0,-124.0,28.0,-58.0,-62.0,0
-76.0,-98.0,-75.0,-134.0,-17.0,-124.0,26.0,-58.0,-62.0,0
-76.0,-98.0,-77.0,-134.0,-18.0,-126.0,26.0,-58.0,-62.0,0
-76.0,-99.0,-77.0,-135.0,-18.0,-129.0,25.0,-58.0,-62.0,0
-77.0,-99.0,-77.0,-135.0,-19.0,-129.0,25.0,-58.0,-62.0,0
-76.0,-98.0,-77.0,-135.0,-18.0,-129.0,25.0,-58.0,-62.0,0
-74.0,-98.0,-76.0,-135.0,-18.0,-129.0,25.0,-58.0,-62.0,0
-74.0,-98.0,-76.0,-135.0,-17.0,-129.0,26.0,-58.0,-62.0,0
-82.0,-109.0,-117.0,-327.0,-32.0,-256.0,45.0,-20.0,-78.0,1
-82.0,-106.0,-117.0,-326.0,-32.0,-256.0,45.0,-17.0,-78.0,1
-79.0,-105.0,-117.0,-324.0,-32.0,-256.0,45.0,-14.0,-77.0,1
-79.0,-99.0,-116.0,-324.0,-31.0,-256.0,45.0,-13.0,-77.0,1
-76.0,-105.0,-116.0,-324.0,-32.0,-255.0,45.0,-11.0,-80.0,1
-76.0,-105.0,-117.0,-324.0,-33.0,-259.0,44.0,-11.0,-83.0,1
-76.0,-105.0,-117.0,-326.0,-34.0,-259.0,43.0,-11.0,-83.0,1
-76.0,-105.0,-117.0,-326.0,-34.0,-259.0,43.0,-11.0,-83.0,1
-76.0,-105.0,-120.0,-326.0,-34.0,-259.0,43.0,-11.0,-83.0,1
-92.0,-114.0,-118.0,-346.0,-34.0,-264.0,39.0,-16.0,-83.0,1
-92.0,-114.0,-118.0,-352.0,-34.0,-265.0,39.0,-18.0,-85.0,1
-92.0,-114.0,-118.0,-352.0,-30.0,-265.0,39.0,-17.0,-84.0,1
-92.0,-114.0,-118.0,-352.0,-29.0,-265.0,39.0,-17.0,-83.0,1
-92.0,-114.0,-118.0,-352.0,-27.0,-264.0,39.0,-17.0,-83.0,1
-92.0,-113.0,-118.0,-348.0,-27.0,-263.0,40.0,-17.0,-83.0,1
-92.0,-113.0,-119.0,-350.0,-27.0,-262.0,40.0,-17.0,-83.0,1
-93.0,-114.0,-119.0,-352.0,-27.0,-262.0,40.0,-20.0,-83.0,1
-93.0,-115.0,-119.0,-352.0,-27.0,-264.0,40.0,-20.0,-83.0,1
-96.0,-116.0,-122.0,-352.0,-29.0,-265.0,40.0,-22.0,-83.0,1
-99.0,-113.0,-123.0,-374.0,-27.0,-265.0,42.0,-27.0,-81.0,1
-99.0,-113.0,-123.0,-376.0,-27.0,-265.0,41.0,-27.0,-81.0,1
-99.0,-113.0,-123.0,-376.0,-27.0,-267.0,40.0,-27.0,-83.0,1
-96.0,-111.0,-123.0,-376.0,-27.0,-265.0,40.0,-27.0,-83.0,1
-96.0,-110.0,-122.0,-374.0,-27.0,-263.0,41.0,-24.0,-81.0,1
-96.0,-106.0,-122.0,-373.0,-27.0,-263.0,41.0,-24.0,-81.0,1
-94.0,-103.0,-122.0,-372.0,-27.0,-262.0,41.0,-22.0,-79.0,1
-91.0,-102.0,-122.0,-368.0,-31.0,-262.0,39.0,-21.0,-78.0,1
-91.0,-105.0,-123.0,-368.0,-32.0,-262.0,39.0,-21.0,-81.0,1
-91.0,-106.0,-124.0,-368.0,-32.0,-262.0,39.0,-21.0,-81.0,1
-93.0,-106.0,-124.0,-373.0,-33.0,-262.0,39.0,-21.0,-81.0,1
-93.0,-106.0,-124.0,-373.0,-34.0,-262.0,39.0,-21.0,-81.0,1
-91.0,-105.0,-124.0,-371.0,-34.0,-262.0,39.0,-20.0,-81.0,1
-91.0,-105.0,-124.0,-371.0,-34.0,-261.0,39.0,-20.0,-81.0,1
-91.0,-102.0,-124.0,-368.0,-34.0,-260.0,39.0,-20.0,-81.0,1
-89.0,-100.0,-124.0,-368.0,-34.0,-260.0,39.0,-18.0,-81.0,1
-84.0,-97.0,-125.0,-371.0,-34.0,-257.0,35.0,-17.0,-80.0,1
-84.0,-97.0,-125.0,-373.0,-37.0,-257.0,35.0,-20.0,-80.0,1
-87.0,-97.0,-125.0,-373.0,-38.0,-257.0,35.0,-20.0,-82.0,1
-87.0,-97.0,-127.0,-375.0,-38.0,-259.0,35.0,-20.0,-84.0,1
-91.0,-101.0,-127.0,-375.0,-38.0,-260.0,34.0,-20.0,-84.0,1
-91.0,-101.0,-127.0,-375.0,-38.0,-260.0,35.0,-20.0,-82.0,1
-91.0,-101.0,-127.0,-374.0,-37.0,-260.0,35.0,-20.0,-81.0,1
-91.0,-101.0,-127.0,-374.0,-35.0,-260.0,37.0,-20.0,-80.0,1
-91.0,-101.0,-127.0,-374.0,-34.0,-260.0,37.0,-20.0,-79.0,1
-100.0,-109.0,-128.0,-376.0,-35.0,-264.0,37.0,-25.0,-80.0,1
-100.0,-109.0,-128.0,-378.0,-35.0,-264.0,36.0,-28.0,-81.0,1
-100.0,-109.0,-129.0,-378.0,-35.0,-265.0,36.0,-29.0,-81.0,1
-101.0,-110.0,-129.0,-379.0,-35.0,-265.0,36.0,-29.0,-82.0,1
-101.0,-110.0,-129.0,-380.0,-35.0,-266.0,35.0,-29.0,-82.0,1
-101.0,-110.0,-129.0,-380.0,-35.0,-266.0,35.0,-29.0,-82.0,1
-60.0,-50.0,-170.0,-299.0,-70.0,-287.0,15.0,25.0,-153.0,2
-60.0,-50.0,-170.0,-302.0,-70.0,-287.0,14.0,25.0,-153.0,2
-55.0,-50.0,-169.0,-299.0,-70.0,-285.0,14.0,25.0,-153.0,2
-55.0,-44.0,-168.0,-299.0,-70.0,-283.0,14.0,27.0,-153.0,2
-53.0,-42.0,-168.0,-297.0,-70.0,-283.0,14.0,28.0,-153.0,2
-50.0,-39.0,-168.0,-297.0,-70.0,-281.0,14.0,29.0,-153.0,2
-48.0,-39.0,-166.0,-297.0,-77.0,-281.0,13.0,31.0,-154.0,2
-48.0,-39.0,-168.0,-297.0,-77.0,-281.0,13.0,31.0,-158.0,2
-51.0,-39.0,-168.0,-297.0,-77.0,-281.0,13.0,31.0,-158.0,2
-51.0,-39.0,-168.0,-299.0,-77.0,-281.0,13.0,31.0,-159.0,2
-51.0,-41.0,-168.0,-299.0,-78.0,-283.0,13.0,31.0,-160.0,2
-48.0,-39.0,-168.0,-299.0,-78.0,-283.0,13.0,31.0,-160.0,2
-48.0,-39.0,-167.0,-299.0,-78.0,-283.0,13.0,34.0,-160.0,2
-48.0,-38.0,-167.0,-299.0,-78.0,-281.0,13.0,36.0,-159.0,2
-48.0,-38.0,-167.0,-299.0,-78.0,-281.0,13.0,36.0,-159.0,2
-47.0,-37.0,-166.0,-302.0,-78.0,-281.0,13.0,36.0,-158.0,2
-48.0,-37.0,-166.0,-302.0,-78.0,-284.0,13.0,36.0,-158.0,2
-49.0,-41.0,-168.0,-304.0,-78.0,-285.0,13.0,36.0,-158.0,2
-53.0,-41.0,-168.0,-305.0,-78.0,-285.0,13.0,36.0,-158.0,2
-53.0,-41.0,-168.0,-305.0,-78.0,-285.0,13.0,35.0,-160.0,2
-52.0,-37.0,-168.0,-304.0,-78.0,-285.0,13.0,35.0,-158.0,2
-52.0,-36.0,-166.0,-302.0,-77.0,-285.0,13.0,35.0,-158.0,2
-49.0,-35.0,-165.0,-301.0,-77.0,-285.0,14.0,35.0,-158.0,2
-49.0,-35.0,-165.0,-298.0,-76.0,-284.0,14.0,36.0,-158.0,2
-48.0,-35.0,-167.0,-295.0,-77.0,-282.0,15.0,35.0,-158.0,2
-48.0,-35.0,-167.0,-295.0,-77.0,-282.0,15.0,32.0,-161.0,2
-49.0,-35.0,-168.0,-295.0,-77.0,-282.0,15.0,31.0,-161.0,2
-49.0,-35.0,-168.0,-295.0,-77.0,-282.0,15.0,31.0,-163.0,2
-49.0,-35.0,-168.0,-295.0,-77.0,-282.0,14.0,31.0,-164.0,2
-51.0,-36.0,-167.0,-295.0,-76.0,-289.0,15.0,30.0,-161.0,2
-51.0,-39.0,-167.0,-297.0,-77.0,-289.0,15.0,28.0,-161.0,2
-53.0,-40.0,-168.0,-297.0,-77.0,-289.0,15.0,27.0,-164.0,2
-54.0,-42.0,-168.0,-297.0,-78.0,-289.0,15.0,26.0,-164.0,2
-54.0,-43.0,-169.0,-300.0,-78.0,-291.0,15.0,23.0,-165.0,2
-54.0,-43.0,-168.0,-300.0,-77.0,-291.0,15.0,23.0,-165.0,2
-54.0,-43.0,-168.0,-300.0,-77.0,-291.0,15.0,23.0,-165.0,2
-54.0,-42.0,-168.0,-297.0,-77.0,-291.0,15.0,23.0,-164.0,2
-54.0,-42.0,-168.0,-297.0,-77.0,-289.0,15.0,23.0,-164.0,2
-54.0,-44.0,-168.0,-297.0,-78.0,-291.0,16.0,19.0,-166.0,2
-54.0,-44.0,-169.0,-299.0,-78.0,-292.0,15.0,17.0,-169.0,2
-55.0,-44.0,-169.0,-299.0,-78.0,-293.0,15.0,16.0,-170.0,2
-55.0,-45.0,-170.0,-299.0,-78.0,-293.0,14.0,16.0,-172.0,2
-55.0,-45.0,-170.0,-300.0,-79.0,-293.0,13.0,16.0,-173.0,2
-55.0,-45.0,-170.0,-299.0,-79.0,-293.0,14.0,17.0,-173.0,2
-54.0,-44.0,-170.0,-299.0,-79.0,-293.0,15.0,17.0,-173.0,2
-54.0,-44.0,-170.0,-299.0,-79.0,-293.0,15.0,19.0,-173.0,2
-51.0,-44.0,-170.0,-299.0,-79.0,-293.0,15.0,20.0,-173.0,2
-50.0,-44.0,-169.0,-297.0,-79.0,-296.0,15.0,21.0,-177.0,2
-50.0,-44.0,-171.0,-297.0,-79.0,-297.0,13.0,21.0,-181.0,2
-51.0,-44.0,-171.0,-297.0,-79.0,-297.0,13.0,19.0,-181.0,2
6.0,29.0,104.0,-158.0,-100.0,105.0,60.0,81.0,-91.0,3
3.0,34.0,104.0,-155.0,-107.0,100.0,59.0,81.0,-93.0,3
3.0,27.0,109.0,-157.0,-105.0,109.0,62.0,79.0,-84.0,3
3.0,27.0,109.0,-157.0,-107.0,109.0,61.0,79.0,-84.0,3
0.0,27.0,109.0,-158.0,-107.0,109.0,60.0,79.0,-84.0,3
0.0,27.0,109.0,-158.0,-107.0,109.0,60.0,78.0,-84.0,3
3.0,27.0,111.0,-158.0,-105.0,113.0,60.0,78.0,-82.0,3
3.0,27.0,112.0,-158.0,-104.0,114.0,60.0,78.0,-81.0,3
3.0,29.0,116.0,-162.0,-101.0,119.0,70.0,78.0,-72.0,3
0.0,27.0,116.0,-162.0,-101.0,119.0,68.0,77.0,-72.0,3
0.0,25.0,116.0,-162.0,-101.0,119.0,68.0,73.0,-72.0,3
0.0,25.0,116.0,-162.0,-104.0,119.0,68.0,73.0,-72.0,3
0.0,25.0,116.0,-162.0,-104.0,119.0,66.0,73.0,-72.0,3
1.0,27.0,119.0,-162.0,-104.0,122.0,68.0,77.0,-71.0,3
3.0,29.0,119.0,-162.0,-104.0,122.0,68.0,78.0,-71.0,3
5.0,29.0,121.0,-162.0,-104.0,123.0,68.0,81.0,-71.0,3
5.0,33.0,123.0,-162.0,-104.0,124.0,69.0,81.0,-69.0,3
6.0,29.0,123.0,-162.0,-104.0,123.0,70.0,83.0,-71.0,3
4.0,29.0,121.0,-163.0,-104.0,123.0,68.0,82.0,-71.0,3
4.0,29.0,121.0,-163.0,-105.0,123.0,66.0,77.0,-71.0,3
4.0,29.0,121.0,-163.0,-105.0,122.0,66.0,77.0,-71.0,3
4.0,29.0,121.0,-163.0,-106.0,122.0,66.0,77.0,-71.0,3
4.0,29.0,122.0,-162.0,-105.0,122.0,68.0,81.0,-69.0,3
6.0,29.0,123.0,-161.0,-104.0,123.0,68.0,81.0,-68.0,3
6.0,29.0,123.0,-161.0,-104.0,123.0,70.0,81.0,-68.0,3
6.0,29.0,124.0,-159.0,-103.0,123.0,70.0,81.0,-68.0,3
9.0,34.0,127.0,-161.0,-100.0,120.0,71.0,76.0,-64.0,3
7.0,28.0,127.0,-162.0,-100.0,120.0,71.0,75.0,-64.0,3
7.0,28.0,127.0,-162.0,-100.0,120.0,71.0,74.0,-64.0,3
7.0,28.0,127.0,-163.0,-100.0,120.0,71.0,74.0,-64.0,3
4.0,28.0,127.0,-163.0,-100.0,120.0,71.0,74.0,-64.0,3
7.0,31.0,129.0,-163.0,-100.0,122.0,71.0,74.0,-62.0,3
8.0,32.0,130.0,-162.0,-100.0,127.0,71.0,75.0,-62.0,3
8.0,32.0,131.0,-162.0,-100.0,127.0,72.0,75.0,-61.0,3
8.0,34.0,132.0,-162.0,-100.0,127.0,73.0,75.0,-59.0,3
6.0,34.0,132.0,-163.0,-99.0,128.0,72.0,76.0,-58.0,3
6.0,34.0,132.0,-163.0,-101.0,127.0,72.0,76.0,-61.0,3
6.0,34.0,132.0,-163.0,-101.0,126.0,71.0,76.0,-62.0,3
6.0,34.0,131.0,-164.0,-104.0,126.0,71.0,76.0,-63.0,3
6.0,34.0,131.0,-164.0,-106.0,126.0,70.0,76.0,-65.0,3
9.0,34.0,132.0,-164.0,-106.0,126.0,70.0,79.0,-65.0,3
9.0,37.0,132.0,-164.0,-106.0,127.0,70.0,81.0,-65.0,3
9.0,39.0,134.0,-164.0,-106.0,127.0,70.0,83.0,-65.0,3
10.0,39.0,134.0,-164.0,-106.0,127.0,70.0,84.0,-65.0,3
10.0,39.0,133.0,-164.0,-106.0,128.0,68.0,85.0,-67.0,3
9.0,37.0,133.0,-164.0,-106.0,127.0,68.0,83.0,-69.0,3
9.0,37.0,133.0,-164.0,-111.0,127.0,68.0,83.0,-69.0,3
9.0,37.0,132.0,-164.0,-111.0,125.0,66.0,80.0,-70.0,3
9.0,37.0,132.0,-165.0,-111.0,125.0,66.0,80.0,-70.0,3
9.0,37.0,133.0,-164.0,-106.0,125.0,66.0,80.0,-69.0,3
-37.0,-78.0,-114.0,-409.0,-94.0,-266.0,18.0,11.0,-133.0,4
-35.0,-78.0,-113.0,-407.0,-94.0,-266.0,18.0,14.0,-133.0,4
-35.0,-78.0,-114.0,-406.0,-100.0,-267.0,16.0,16.0,-136.0,4
-35.0,-78.0,-114.0,-406.0,-101.0,-267.0,15.0,16.0,-137.0,4
-35.0,-79.0,-114.0,-406.0,-101.0,-267.0,15.0,16.0,-138.0,4
-35.0,-79.0,-115.0,-406.0,-101.0,-268.0,15.0,16.0,-138.0,4
-35.0,-79.0,-115.0,-409.0,-101.0,-268.0,14.0,16.0,-139.0,4
-30.0,-78.0,-114.0,-406.0,-101.0,-267.0,14.0,17.0,-139.0,4
-28.0,-78.0,-114.0,-402.0,-101.0,-267.0,15.0,18.0,-139.0,4
-28.0,-77.0,-114.0,-400.0,-101.0,-267.0,15.0,19.0,-139.0,4
-26.0,-75.0,-112.0,-399.0,-101.0,-267.0,15.0,20.0,-139.0,4
-26.0,-70.0,-111.0,-398.0,-100.0,-266.0,15.0,27.0,-140.0,4
-26.0,-70.0,-114.0,-398.0,-100.0,-266.0,15.0,27.0,-140.0,4
-26.0,-73.0,-115.0,-400.0,-102.0,-266.0,15.0,19.0,-140.0,4
-28.0,-77.0,-115.0,-400.0,-102.0,-266.0,15.0,19.0,-142.0,4
-28.0,-77.0,-115.0,-400.0,-102.0,-266.0,15.0,19.0,-142.0,4
-28.0,-77.0,-114.0,-400.0,-101.0,-264.0,15.0,19.0,-140.0,4
-28.0,-77.0,-111.0,-399.0,-100.0,-264.0,18.0,20.0,-140.0,4
-27.0,-73.0,-111.0,-398.0,-98.0,-264.0,19.0,22.0,-139.0,4
-27.0,-73.0,-111.0,-398.0,-98.0,-262.0,19.0,23.0,-137.0,4
-26.0,-73.0,-111.0,-396.0,-98.0,-261.0,18.0,23.0,-137.0,4
-28.0,-76.0,-111.0,-399.0,-98.0,-261.0,18.0,22.0,-137.0,4
-30.0,-77.0,-111.0,-399.0,-98.0,-261.0,18.0,21.0,-137.0,4
-30.0,-77.0,-111.0,-399.0,-98.0,-261.0,18.0,20.0,-137.0,4
-30.0,-77.0,-113.0,-399.0,-98.0,-263.0,18.0,20.0,-137.0,4
-28.0,-76.0,-111.0,-399.0,-98.0,-261.0,19.0,21.0,-135.0,4
-27.0,-69.0,-109.0,-396.0,-91.0,-258.0,21.0,24.0,-134.0,4
-27.0,-71.0,-108.0,-399.0,-94.0,-255.0,21.0,23.0,-135.0,4
-28.0,-73.0,-110.0,-400.0,-94.0,-258.0,21.0,23.0,-136.0,4
-30.0,-73.0,-110.0,-404.0,-94.0,-258.0,20.0,21.0,-136.0,4
-30.0,-76.0,-110.0,-405.0,-94.0,-258.0,20.0,19.0,-136.0,4
-32.0,-78.0,-110.0,-405.0,-94.0,-258.0,20.0,19.0,-136.0,4
-30.0,-76.0,-109.0,-404.0,-89.0,-258.0,21.0,19.0,-135.0,4
-30.0,-73.0,-108.0,-401.0,-89.0,-258.0,23.0,19.0,-135.0,4
-30.0,-73.0,-106.0,-400.0,-89.0,-255.0,23.0,19.0,-133.0,4
-30.0,-73.0,-106.0,-400.0,-87.0,-254.0,27.0,19.0,-129.0,4
-33.0,-73.0,-105.0,-400.0,-86.0,-251.0,27.0,18.0,-127.0,4
-36.0,-76.0,-105.0,-404.0,-87.0,-251.0,27.0,17.0,-127.0,4
-38.0,-76.0,-105.0,-404.0,-87.0,-255.0,27.0,16.0,-127.0,4
-40.0,-79.0,-107.0,-405.0,-87.0,-255.0,23.0,16.0,-127.0,4
-41.0,-79.0,-107.0,-405.0,-87.0,-255.0,23.0,16.0,-127.0,4
-40.0,-76.0,-107.0,-404.0,-86.0,-253.0,27.0,16.0,-127.0,4
-39.0,-75.0,-106.0,-404.0,-81.0,-251.0,27.0,16.0,-124.0,4
-39.0,-75.0,-106.0,-404.0,-78.0,-251.0,29.0,16.0,-119.0,4
-39.0,-75.0,-106.0,-404.0,-76.0,-251.0,29.0,16.0,-119.0,4
-43.0,-77.0,-109.0,-409.0,-80.0,-251.0,29.0,14.0,-125.0,4
-42.0,-76.0,-107.0,-406.0,-80.0,-251.0,29.0,14.0,-122.0,4
-42.0,-73.0,-107.0,-405.0,-79.0,-248.0,30.0,15.0,-121.0,4
-42.0,-71.0,-107.0,-405.0,-78.0,-247.0,31.0,15.0,-121.0,4
-41.0,-71.0,-105.0,-402.0,-78.0,-245.0,32.0,15.0,-118.0,4
33.0,-53.0,5.0,-222.0,-60.0,-138.0,46.0,6.0,-69.0,5
33.0,-53.0,5.0,-222.0,-57.0,-138.0,46.0,7.0,-69.0,5
33.0,-52.0,5.0,-220.0,-57.0,-138.0,46.0,7.0,-69.0,5
36.0,-48.0,2.0,-222.0,-60.0,-144.0,46.0,7.0,-72.0,5
33.0,-53.0,0.0,-222.0,-63.0,-145.0,44.0,6.0,-73.0,5
32.0,-57.0,0.0,-222.0,-64.0,-150.0,43.0,5.0,-75.0,5
29.0,-58.0,-1.0,-228.0,-64.0,-151.0,42.0,3.0,-77.0,5
28.0,-60.0,-3.0,-228.0,-65.0,-151.0,42.0,2.0,-77.0,5
28.0,-60.0,-3.0,-228.0,-64.0,-151.0,42.0,2.0,-75.0,5
28.0,-60.0,-1.0,-228.0,-64.0,-151.0,42.0,2.0,-74.0,5
28.0,-60.0,0.0,-228.0,-63.0,-150.0,43.0,2.0,-73.0,5
28.0,-60.0,0.0,-228.0,-63.0,-150.0,44.0,2.0,-72.0,5
23.0,-61.0,-3.0,-230.0,-65.0,-149.0,41.0,-3.0,-75.0,5
23.0,-60.0,-3.0,-229.0,-63.0,-148.0,41.0,-2.0,-75.0,5
25.0,-60.0,-2.0,-226.0,-63.0,-147.0,41.0,-2.0,-75.0,5
27.0,-59.0,-1.0,-226.0,-65.0,-147.0,39.0,-1.0,-76.0,5
27.0,-60.0,-1.0,-226.0,-66.0,-147.0,39.0,-1.0,-76.0,5
27.0,-60.0,-2.0,-226.0,-66.0,-147.0,39.0,-1.0,-76.0,5
30.0,-53.0,0.0,-227.0,-68.0,-143.0,39.0,0.0,-76.0,5
30.0,-55.0,0.0,-227.0,-68.0,-143.0,39.0,0.0,-76.0,5
29.0,-58.0,0.0,-229.0,-68.0,-144.0,39.0,-2.0,-76.0,5
29.0,-55.0,1.0,-229.0,-68.0,-143.0,39.0,0.0,-75.0,5
29.0,-56.0,5.0,-235.0,-65.0,-143.0,37.0,-2.0,-73.0,5
29.0,-58.0,4.0,-237.0,-65.0,-143.0,37.0,-3.0,-73.0,5
28.0,-59.0,4.0,-237.0,-65.0,-144.0,37.0,-3.0,-73.0,5
28.0,-59.0,4.0,-237.0,-65.0,-144.0,35.0,-3.0,-73.0,5
30.0,-56.0,3.0,-235.0,-65.0,-145.0,37.0,-2.0,-73.0,5
29.0,-56.0,2.0,-235.0,-65.0,-145.0,37.0,-4.0,-73.0,5
25.0,-58.0,1.0,-237.0,-67.0,-146.0,37.0,-6.0,-73.0,5
25.0,-59.0,1.0,-239.0,-67.0,-146.0,36.0,-7.0,-74.0,5
25.0,-59.0,-1.0,-239.0,-67.0,-146.0,36.0,-7.0,-74.0,5
25.0,-59.0,1.0,-236.0,-67.0,-145.0,39.0,-6.0,-74.0,5
25.0,-59.0,0.0,-238.0,-68.0,-147.0,37.0,-6.0,-75.0,5
23.0,-62.0,-1.0,-239.0,-68.0,-147.0,37.0,-6.0,-75.0,5
23.0,-62.0,-1.0,-239.0,-70.0,-147.0,37.0,-6.0,-75.0,5
25.0,-57.0,-1.0,-236.0,-70.0,-147.0,37.0,-2.0,-75.0,5
30.0,-56.0,-1.0,-236.0,-70.0,-147.0,37.0,-2.0,-74.0,5
30.0,-56.0,-1.0,-236.0,-70.0,-145.0,38.0,-2.0,-74.0,5
25.0,-58.0,0.0,-237.0,-69.0,-144.0,39.0,-5.0,-74.0,5
22.0,-59.0,0.0,-239.0,-69.0,-147.0,39.0,-5.0,-74.0,5
22.0,-59.0,0.0,-240.0,-69.0,-147.0,39.0,-7.0,-74.0,5
21.0,-62.0,0.0,-240.0,-70.0,-147.0,39.0,-7.0,-74.0,5
21.0,-64.0,-1.0,-240.0,-70.0,-147.0,37.0,-7.0,-74.0,5
20.0,-62.0,-2.0,-240.0,-70.0,-149.0,39.0,-8.0,-76.0,5
21.0,-62.0,-2.0,-239.0,-70.0,-149.0,39.0,-7.0,-75.0,5
22.0,-60.0,-2.0,-239.0,-70.0,-147.0,39.0,-7.0,-75.0,5
22.0,-60.0,-1.0,-239.0,-70.0,-147.0,41.0,-7.0,-75.0,5
22.0,-60.0,-1.0,-239.0,-68.0,-146.0,41.0,-7.0,-71.0,5
19.0,-62.0,-2.0,-238.0,-68.0,-147.0,41.0,-9.0,-70.0,5
16.0,-64.0,-3.0,-238.0,-68.0,-147.0,41.0,-9.0,-74.0,5
6.0,-28.0,-12.0,-257.0,-71.0,-168.0,15.0,18.0,-114.0,6
6.0,-28.0,-12.0,-257.0,-73.0,-170.0,15.0,15.0,-114.0,6
6.0,-28.0,-12.0,-256.0,-71.0,-170.0,15.0,18.0,-114.0,6
8.0,-27.0,-12.0,-256.0,-71.0,-170.0,16.0,18.0,-114.0,6
8.0,-27.0,-12.0,-255.0,-71.0,-168.0,16.0,18.0,-113.0,6
8.0,-27.0,-12.0,-255.0,-69.0,-168.0,17.0,18.0,-113.0,6
5.0,-28.0,-12.0,-256.0,-69.0,-168.0,17.0,15.0,-111.0,6
5.0,-29.0,-12.0,-257.0,-69.0,-171.0,17.0,15.0,-112.0,6
2.0,-30.0,-13.0,-257.0,-71.0,-172.0,16.0,14.0,-113.0,6
4.0,-28.0,-8.0,-259.0,-65.0,-163.0,17.0,17.0,-113.0,6
8.0,-28.0,-8.0,-253.0,-65.0,-162.0,17.0,17.0,-113.0,6
11.0,-24.0,-8.0,-253.0,-65.0,-162.0,17.0,17.0,-113.0,6
8.0,-28.0,-8.0,-250.0,-65.0,-162.0,18.0,15.0,-112.0,6
6.0,-28.0,-8.0,-254.0,-65.0,-162.0,18.0,12.0,-112.0,6
5.0,-28.0,-8.0,-259.0,-65.0,-162.0,17.0,12.0,-112.0,6
-15.0,-46.0,-17.0,-277.0,-76.0,-178.0,13.0,-7.0,-113.0,6
-15.0,-46.0,-20.0,-278.0,-76.0,-180.0,7.0,-10.0,-115.0,6
-18.0,-47.0,-21.0,-278.0,-79.0,-180.0,7.0,-11.0,-115.0,6
-18.0,-47.0,-21.0,-280.0,-79.0,-180.0,7.0,-11.0,-115.0,6
-18.0,-47.0,-21.0,-280.0,-79.0,-180.0,7.0,-11.0,-115.0,6
-18.0,-47.0,-21.0,-278.0,-79.0,-178.0,8.0,-10.0,-115.0,6
-8.0,-45.0,-18.0,-277.0,-79.0,-175.0,10.0,-5.0,-113.0,6
-10.0,-48.0,-17.0,-279.0,-81.0,-174.0,8.0,-7.0,-113.0,6
-10.0,-49.0,-17.0,-279.0,-82.0,-174.0,8.0,-7.0,-115.0,6
-12.0,-49.0,-19.0,-280.0,-82.0,-174.0,8.0,-7.0,-115.0,6
-15.0,-49.0,-19.0,-284.0,-82.0,-175.0,8.0,-7.0,-115.0,6
-15.0,-52.0,-19.0,-285.0,-82.0,-175.0,8.0,-8.0,-115.0,6
-15.0,-52.0,-19.0,-284.0,-81.0,-175.0,8.0,-8.0,-115.0,6
-15.0,-52.0,-17.0,-284.0,-81.0,-175.0,8.0,-8.0,-113.0,6
-15.0,-52.0,-16.0,-284.0,-81.0,-175.0,8.0,-8.0,-112.0,6
-15.0,-49.0,-15.0,-280.0,-81.0,-175.0,8.0,-8.0,-111.0,6
-15.0,-49.0,-18.0,-281.0,-85.0,-174.0,6.0,-9.0,-114.0,6
-15.0,-49.0,-17.0,-281.0,-85.0,-173.0,7.0,-9.0,-114.0,6
-15.0,-49.0,-16.0,-281.0,-85.0,-173.0,7.0,-9.0,-114.0,6
-17.0,-49.0,-17.0,-285.0,-87.0,-173.0,5.0,-11.0,-113.0,6
-17.0,-49.0,-18.0,-286.0,-88.0,-173.0,5.0,-11.0,-113.0,6
-17.0,-52.0,-18.0,-288.0,-88.0,-173.0,4.0,-11.0,-114.0,6
-17.0,-54.0,-19.0,-289.0,-88.0,-174.0,0.0,-11.0,-114.0,6
-19.0,-55.0,-19.0,-289.0,-88.0,-175.0,0.0,-13.0,-114.0,6
-18.0,-54.0,-19.0,-289.0,-88.0,-174.0,0.0,-11.0,-114.0,6
-17.0,-54.0,-19.0,-288.0,-88.0,-174.0,2.0,-11.0,-114.0,6
-16.0,-52.0,-19.0,-288.0,-88.0,-174.0,2.0,-11.0,-114.0,6
-13.0,-50.0,-18.0,-286.0,-88.0,-174.0,2.0,-11.0,-114.0,6
-13.0,-49.0,-18.0,-285.0,-88.0,-173.0,-1.0,-10.0,-115.0,6
-13.0,-49.0,-19.0,-285.0,-89.0,-173.0,-2.0,-10.0,-115.0,6
-13.0,-49.0,-20.0,-285.0,-90.0,-175.0,-2.0,-10.0,-116.0,6
-13.0,-49.0,-20.0,-285.0,-90.0,-175.0,-2.0,-10.0,-117.0,6
-15.0,-52.0,-20.0,-285.0,-90.0,-175.0,-2.0,-10.0,-117.0,6
-15.0,-52.0,-20.0,-284.0,-89.0,-175.0,-1.0,-10.0,-116.0,6
-15.0,-52.0,-20.0,-283.0,-89.0,-173.0,-1.0,-9.0,-115.0,6
-13.0,-46.0,-11.0,-298.0,-73.0,-170.0,25.0,29.0,-106.0,7
-14.0,-48.0,-11.0,-299.0,-78.0,-170.0,23.0,29.0,-108.0,7
-11.0,-45.0,-3.0,-301.0,-76.0,-161.0,25.0,33.0,-106.0,7
-11.0,-45.0,-3.0,-302.0,-76.0,-161.0,25.0,33.0,-106.0,7
-11.0,-44.0,-3.0,-302.0,-74.0,-159.0,26.0,31.0,-105.0,7
-12.0,-44.0,-5.0,-302.0,-73.0,-160.0,25.0,25.0,-104.0,7
-14.0,-50.0,-5.0,-302.0,-73.0,-162.0,25.0,24.0,-104.0,7
-16.0,-52.0,-5.0,-302.0,-73.0,-162.0,25.0,22.0,-104.0,7
-19.0,-53.0,-11.0,-301.0,-69.0,-169.0,23.0,12.0,-109.0,7
-19.0,-55.0,-11.0,-302.0,-69.0,-171.0,23.0,10.0,-110.0,7
-19.0,-54.0,-12.0,-302.0,-72.0,-171.0,21.0,10.0,-112.0,7
-18.0,-53.0,-11.0,-302.0,-72.0,-171.0,22.0,11.0,-110.0,7
-17.0,-53.0,-11.0,-302.0,-71.0,-171.0,22.0,12.0,-110.0,7
-17.0,-52.0,-11.0,-302.0,-71.0,-170.0,23.0,12.0,-110.0,7
-17.0,-53.0,-11.0,-304.0,-73.0,-171.0,22.0,11.0,-110.0,7
-19.0,-55.0,-11.0,-304.0,-73.0,-174.0,21.0,10.0,-110.0,7
-20.0,-55.0,-12.0,-308.0,-73.0,-175.0,21.0,10.0,-112.0,7
-20.0,-56.0,-12.0,-308.0,-76.0,-177.0,21.0,9.0,-112.0,7
-21.0,-56.0,-13.0,-308.0,-77.0,-177.0,21.0,8.0,-113.0,7
-20.0,-56.0,-13.0,-308.0,-77.0,-177.0,21.0,9.0,-113.0,7
-20.0,-56.0,-12.0,-308.0,-76.0,-177.0,21.0,9.0,-113.0,7
-20.0,-56.0,-12.0,-308.0,-76.0,-177.0,21.0,9.0,-112.0,7
-19.0,-55.0,-12.0,-308.0,-76.0,-177.0,21.0,10.0,-112.0,7
-20.0,-56.0,-11.0,-313.0,-77.0,-178.0,21.0,9.0,-112.0,7
-21.0,-57.0,-13.0,-315.0,-78.0,-179.0,20.0,5.0,-112.0,7
-21.0,-58.0,-15.0,-317.0,-78.0,-182.0,20.0,5.0,-113.0,7
-21.0,-58.0,-16.0,-318.0,-78.0,-182.0,19.0,5.0,-113.0,7
-21.0,-58.0,-16.0,-318.0,-79.0,-183.0,19.0,4.0,-114.0,7
-21.0,-58.0,-15.0,-318.0,-79.0,-183.0,19.0,5.0,-114.0,7
-21.0,-58.0,-15.0,-317.0,-79.0,-183.0,19.0,5.0,-114.0,7
-21.0,-58.0,-15.0,-317.0,-79.0,-183.0,20.0,5.0,-114.0,7
-21.0,-58.0,-15.0,-317.0,-79.0,-183.0,20.0,5.0,-114.0,7
-22.0,-58.0,-16.0,-321.0,-78.0,-185.0,19.0,3.0,-113.0,7
-23.0,-60.0,-17.0,-326.0,-78.0,-188.0,18.0,2.0,-113.0,7
-23.0,-60.0,-17.0,-326.0,-81.0,-188.0,17.0,2.0,-115.0,7
-23.0,-60.0,-17.0,-327.0,-81.0,-188.0,16.0,2.0,-118.0,7
-24.0,-60.0,-17.0,-328.0,-81.0,-188.0,16.0,2.0,-118.0,7
-24.0,-60.0,-17.0,-328.0,-81.0,-188.0,16.0,2.0,-118.0,7
-23.0,-60.0,-17.0,-327.0,-81.0,-188.0,17.0,3.0,-118.0,7
-22.0,-60.0,-17.0,-327.0,-81.0,-188.0,17.0,3.0,-118.0,7
-22.0,-60.0,-17.0,-327.0,-81.0,-188.0,17.0,4.0,-117.0,7
-19.0,-60.0,-17.0,-330.0,-79.0,-193.0,17.0,4.0,-117.0,7
-24.0,-60.0,-19.0,-331.0,-79.0,-193.0,16.0,4.0,-117.0,7
-24.0,-60.0,-19.0,-334.0,-82.0,-196.0,16.0,3.0,-118.0,7
-24.0,-60.0,-19.0,-334.0,-82.0,-196.0,16.0,2.0,-118.0,7
-24.0,-60.0,-20.0,-334.0,-82.0,-196.0,16.0,2.0,-118.0,7
-24.0,-60.0,-19.0,-334.0,-82.0,-196.0,16.0,2.0,-118.0,7
-24.0,-60.0,-19.0,-332.0,-82.0,-196.0,16.0,2.0,-118.0,7
-24.0,-60.0,-19.0,-332.0,-82.0,-196.0,16.0,2.0,-118.0,7
-23.0,-60.0,-19.0,-332.0,-79.0,-196.0,16.0,3.0,-118.0,7
-1.0,58.0,-17.0,-254.0,-57.0,-47.0,54.0,44.0,-112.0,8
-1.0,58.0,-17.0,-254.0,-57.0,-47.0,54.0,44.0,-112.0,8
-1.0,58.0,-18.0,-255.0,-57.0,-47.0,54.0,44.0,-112.0,8
-1.0,58.0,-18.0,-255.0,-57.0,-48.0,53.0,43.0,-112.0,8
0.0,59.0,-17.0,-255.0,-57.0,-47.0,54.0,44.0,-112.0,8
0.0,60.0,-17.0,-255.0,-56.0,-47.0,56.0,44.0,-112.0,8
0.0,60.0,-16.0,-254.0,-56.0,-47.0,56.0,44.0,-112.0,8
0.0,60.0,-16.0,-253.0,-56.0,-46.0,56.0,45.0,-111.0,8
0.0,57.0,-17.0,-253.0,-58.0,-47.0,55.0,46.0,-110.0,8
-2.0,56.0,-17.0,-253.0,-58.0,-48.0,54.0,44.0,-110.0,8
-2.0,56.0,-17.0,-253.0,-58.0,-48.0,54.0,44.0,-110.0,8
-3.0,55.0,-18.0,-253.0,-58.0,-48.0,53.0,41.0,-112.0,8
-2.0,56.0,-19.0,-242.0,-59.0,-46.0,52.0,45.0,-113.0,8
-2.0,56.0,-19.0,-242.0,-59.0,-46.0,52.0,45.0,-113.0,8
11.0,58.0,-18.0,-229.0,-55.0,-41.0,56.0,51.0,-116.0,8
12.0,58.0,-18.0,-228.0,-53.0,-41.0,56.0,51.0,-115.0,8
12.0,58.0,-18.0,-226.0,-52.0,-41.0,61.0,51.0,-115.0,8
13.0,58.0,-19.0,-229.0,-56.0,-47.0,60.0,51.0,-116.0,8
13.0,58.0,-18.0,-229.0,-56.0,-47.0,60.0,51.0,-116.0,8
13.0,58.0,-17.0,-229.0,-55.0,-47.0,60.0,52.0,-115.0,8
13.0,58.0,-17.0,-229.0,-55.0,-47.0,61.0,52.0,-115.0,8
13.0,58.0,-17.0,-226.0,-55.0,-47.0,61.0,52.0,-115.0,8
12.0,57.0,-15.0,-229.0,-54.0,-48.0,60.0,52.0,-115.0,8
11.0,57.0,-17.0,-233.0,-55.0,-53.0,60.0,52.0,-115.0,8
11.0,57.0,-17.0,-235.0,-55.0,-53.0,60.0,52.0,-116.0,8
9.0,58.0,-13.0,-239.0,-52.0,-58.0,61.0,52.0,-115.0,8
10.0,58.0,-13.0,-239.0,-52.0,-58.0,61.0,52.0,-115.0,8
10.0,54.0,-13.0,-249.0,-56.0,-65.0,55.0,51.0,-118.0,8
10.0,54.0,-13.0,-249.0,-56.0,-65.0,55.0,51.0,-118.0,8
10.0,54.0,-13.0,-249.0,-54.0,-65.0,55.0,51.0,-118.0,8
10.0,54.0,-13.0,-249.0,-54.0,-65.0,55.0,51.0,-118.0,8
10.0,54.0,-13.0,-248.0,-53.0,-65.0,55.0,51.0,-118.0,8
10.0,54.0,-13.0,-248.0,-53.0,-62.0,55.0,51.0,-118.0,8
6.0,51.0,-11.0,-248.0,-53.0,-65.0,53.0,49.0,-121.0,8
6.0,52.0,-11.0,-245.0,-53.0,-65.0,54.0,51.0,-121.0,8
8.0,52.0,-11.0,-245.0,-52.0,-63.0,54.0,51.0,-120.0,8
8.0,56.0,-11.0,-248.0,-50.0,-62.0,55.0,53.0,-120.0,8
8.0,56.0,-12.0,-249.0,-53.0,-62.0,55.0,51.0,-121.0,8
8.0,56.0,-12.0,-252.0,-53.0,-62.0,55.0,51.0,-123.0,8
8.0,56.0,-12.0,-255.0,-53.0,-62.0,54.0,51.0,-123.0,8
6.0,56.0,-12.0,-255.0,-53.0,-62.0,54.0,49.0,-123.0,8
8.0,57.0,-11.0,-249.0,-48.0,-61.0,58.0,51.0,-112.0,8
6.0,58.0,-11.0,-252.0,-47.0,-62.0,59.0,48.0,-111.0,8
8.0,63.0,-11.0,-260.0,-43.0,-59.0,58.0,50.0,-108.0,8
8.0,63.0,-12.0,-261.0,-45.0,-59.0,56.0,50.0,-109.0,8
8.0,63.0,-12.0,-262.0,-47.0,-62.0,56.0,50.0,-109.0,8
8.0,63.0,-12.0,-263.0,-49.0,-62.0,54.0,50.0,-114.0,8
8.0,63.0,-12.0,-263.0,-49.0,-62.0,54.0,50.0,-114.0,8
8.0,65.0,-12.0,-262.0,-47.0,-62.0,54.0,50.0,-110.0,8
8.0,65.0,-11.0,-262.0,-45.0,-62.0,54.0,50.0,-109.0,8
115.0,11.0,47.0,-143.0,-20.0,-53.0,62.0,48.0,-77.0,9
115.0,10.0,47.0,-143.0,-20.0,-54.0,62.0,48.0,-77.0,9
115.0,11.0,49.0,-135.0,-19.0,-53.0,62.0,49.0,-77.0,9
115.0,13.0,49.0,-135.0,-19.0,-52.0,62.0,50.0,-75.0,9
115.0,13.0,51.0,-135.0,-19.0,-51.0,63.0,50.0,-75.0,9
115.0,13.0,51.0,-135.0,-19.0,-51.0,64.0,52.0,-75.0,9
112.0,10.0,51.0,-140.0,-19.0,-48.0,63.0,53.0,-75.0,9
112.0,10.0,51.0,-142.0,-19.0,-48.0,63.0,53.0,-75.0,9
112.0,11.0,52.0,-140.0,-19.0,-47.0,64.0,53.0,-75.0,9
113.0,12.0,52.0,-140.0,-19.0,-47.0,64.0,54.0,-74.0,9
114.0,14.0,53.0,-140.0,-19.0,-45.0,64.0,54.0,-73.0,9
114.0,14.0,55.0,-139.0,-19.0,-45.0,64.0,55.0,-72.0,9
116.0,14.0,55.0,-140.0,-18.0,-46.0,64.0,57.0,-70.0,9
115.0,14.0,54.0,-140.0,-18.0,-46.0,64.0,54.0,-73.0,9
115.0,11.0,54.0,-140.0,-18.0,-46.0,64.0,54.0,-73.0,9
115.0,11.0,53.0,-140.0,-18.0,-46.0,64.0,54.0,-74.0,9
115.0,11.0,53.0,-140.0,-18.0,-46.0,64.0,54.0,-75.0,9
115.0,14.0,53.0,-140.0,-18.0,-46.0,66.0,57.0,-74.0,9
116.0,14.0,53.0,-140.0,-18.0,-46.0,68.0,57.0,-74.0,9
116.0,14.0,54.0,-140.0,-16.0,-44.0,68.0,57.0,-73.0,9
119.0,15.0,55.0,-138.0,-16.0,-44.0,69.0,57.0,-73.0,9
122.0,14.0,55.0,-137.0,-15.0,-43.0,70.0,58.0,-72.0,9
116.0,14.0,55.0,-137.0,-15.0,-43.0,70.0,58.0,-72.0,9
116.0,14.0,55.0,-140.0,-15.0,-43.0,70.0,57.0,-72.0,9
116.0,14.0,55.0,-140.0,-16.0,-43.0,70.0,57.0,-73.0,9
116.0,13.0,55.0,-140.0,-16.0,-44.0,70.0,57.0,-73.0,9
116.0,14.0,56.0,-140.0,-15.0,-43.0,72.0,58.0,-72.0,9
122.0,14.0,57.0,-135.0,-11.0,-41.0,74.0,59.0,-68.0,9
122.0,14.0,57.0,-135.0,-10.0,-40.0,75.0,58.0,-65.0,9
122.0,14.0,57.0,-135.0,-10.0,-40.0,74.0,58.0,-70.0,9
122.0,14.0,57.0,-135.0,-10.0,-40.0,74.0,58.0,-70.0,9
119.0,14.0,57.0,-135.0,-10.0,-40.0,74.0,58.0,-70.0,9
119.0,14.0,57.0,-135.0,-10.0,-40.0,74.0,58.0,-72.0,9
122.0,16.0,59.0,-135.0,-10.0,-40.0,75.0,60.0,-70.0,9
123.0,17.0,59.0,-133.0,-9.0,-39.0,75.0,62.0,-69.0,9
125.0,19.0,60.0,-133.0,-8.0,-39.0,76.0,62.0,-69.0,9
134.0,20.0,60.0,-133.0,-8.0,-39.0,76.0,66.0,-69.0,9
134.0,21.0,60.0,-134.0,-7.0,-39.0,76.0,64.0,-68.0,9
135.0,21.0,62.0,-122.0,-6.0,-39.0,79.0,66.0,-68.0,9
135.0,22.0,62.0,-121.0,-5.0,-39.0,79.0,66.0,-68.0,9
136.0,21.0,62.0,-126.0,-6.0,-38.0,79.0,62.0,-71.0,9
136.0,21.0,62.0,-122.0,-5.0,-38.0,79.0,63.0,-71.0,9
137.0,23.0,62.0,-121.0,-4.0,-35.0,81.0,65.0,-70.0,9
138.0,24.0,62.0,-121.0,-3.0,-35.0,81.0,65.0,-68.0,9
138.0,24.0,63.0,-120.0,-3.0,-31.0,82.0,66.0,-67.0,9
138.0,25.0,62.0,-120.0,-1.0,-31.0,83.0,65.0,-67.0,9
138.0,24.0,62.0,-121.0,-3.0,-34.0,83.0,65.0,-67.0,9
136.0,21.0,62.0,-121.0,-3.0,-34.0,83.0,63.0,-67.0,9
135.0,21.0,62.0,-121.0,-3.0,-35.0,83.0,62.0,-67.0,9
135.0,21.0,62.0,-121.0,-3.0,-35.0,81.0,60.0,-67.0,9
=======
ID,SG0p,SG0m,SG1p,SG1m,SG2p,SG2m,SG3p,SG3m,SG4p,SG4m,SG5p,SG5m,SG6p,SG6m,SG7p,SG7m,SG8p,SG8m
0,0,22,0,1033,1224,158,748,253,0,132,0,774,0,2498,598,0,0,4301
1,0,480,0,348,1651,0,1606,0,196,0,86,595,0,2189,589,0,0,4899
2,0,904,0,0,4023,0,70,826,0,146,117,138,0,1569,714,0,0,4862
3,0,1191,0,982,1794,0,359,2200,98,421,0,480,0,1775,1036,0,0,4320
4,0,302,0,1742,0,664,190,715,71,772,0,710,45,2156,952,0,0,4156
5,0,0,0,2286,378,1076,1550,0,474,845,0,1609,0,3444,1670,0,0,3985
6,82,0,0,1063,32,277,1738,0,50,0,0,112,0,2275,478,0,0,2493
7,336,0,0,1243,346,0,3216,0,181,0,0,127,0,3265,891,0,0,3790
9,0,0,0,0,0,0,246,0,0,0,0,0,0,0,0,0,0,1022
>>>>>>> d24f78241079e112339b47957ff137103579293e
