taskNumber,yaxis,xaxis,zaxis,force,SG0,SG_E0,SG_D0,SG1,SG_E1,SG_D1,SG2,SG_E2,SG_D2,SG3,SG_E3,SG_D3,SG4,SG_E4,SG_D4,SG5,SG_E5,SG_D5,SG6,SG_E6,SG_D6,SG7,SG_E7,SG_D7,SG8,SG_E8,SG_D8
0,74.75,-58.37,-249.86,304.0,565.0,1.018018,10.0,345.0,0.6238698,-208.0,618.0,1.0692042,40.0,410.0,0.73083776,-151.0,589.0,0.8378378,-114.0,483.0,0.75,-161.0,602.0,0.9788618,-13.0,439.0,0.78533095,-120.0,0.0,0.0,-538.0
0,74.75,-58.37,-249.86,304.0,565.0,1.018018,10.0,345.0,0.6238698,-208.0,618.0,1.0692042,40.0,410.0,0.73083776,-151.0,589.0,0.8378378,-114.0,481.0,0.7468944,-163.0,601.0,0.9772358,-14.0,438.0,0.78354204,-121.0,0.0,0.0,-538.0
0,72.7,-58.37,-249.86,307.8,565.0,1.018018,10.0,346.0,0.6256781,-207.0,618.0,1.0692042,40.0,410.0,0.73083776,-151.0,589.0,0.8378378,-114.0,483.0,0.75,-161.0,602.0,0.9788618,-13.0,438.0,0.78354204,-121.0,0.0,0.0,-538.0
0,72.7,-58.37,-249.86,307.8,566.0,1.0198199,11.0,346.0,0.6256781,-207.0,618.0,1.0692042,40.0,410.0,0.73083776,-151.0,589.0,0.8378378,-114.0,484.0,0.7515528,-160.0,602.0,0.9788618,-13.0,438.0,0.78354204,-121.0,0.0,0.0,-538.0
0,72.7,-60.42,-251.9,310.8,563.0,1.0144144,8.0,348.0,0.62929475,-205.0,606.0,1.048443,28.0,392.0,0.6987522,-169.0,573.0,0.81507826,-130.0,461.0,0.7158385,-183.0,601.0,0.9772358,-14.0,432.0,0.7728086,-127.0,0.0,0.0,-538.0
0,72.7,-60.42,-251.9,310.8,563.0,1.0144144,8.0,351.0,0.6347197,-202.0,606.0,1.048443,28.0,392.0,0.6987522,-169.0,573.0,0.81507826,-130.0,464.0,0.7204969,-180.0,601.0,0.9772358,-14.0,432.0,0.7728086,-127.0,0.0,0.0,-538.0
0,73.73,-60.42,-249.86,309.7,561.0,1.0108109,6.0,346.0,0.6256781,-207.0,606.0,1.048443,28.0,389.0,0.6934046,-172.0,573.0,0.81507826,-130.0,461.0,0.7158385,-183.0,597.0,0.97073174,-18.0,431.0,0.7710197,-128.0,0.0,0.0,-538.0
0,74.75,-58.37,-251.9,309.0,561.0,1.0108109,6.0,347.0,0.62748647,-206.0,606.0,1.048443,28.0,389.0,0.6934046,-172.0,573.0,0.81507826,-130.0,461.0,0.7158385,-183.0,598.0,0.97235775,-17.0,431.0,0.7710197,-128.0,0.0,0.0,-538.0
0,74.75,-58.37,-251.9,309.0,561.0,1.0108109,6.0,347.0,0.62748647,-206.0,606.0,1.048443,28.0,389.0,0.6934046,-172.0,573.0,0.81507826,-130.0,461.0,0.7158385,-183.0,598.0,0.97235775,-17.0,431.0,0.7710197,-128.0,0.0,0.0,-538.0
0,72.7,-58.37,-251.9,309.0,561.0,1.0108109,6.0,348.0,0.62929475,-205.0,606.0,1.048443,28.0,390.0,0.69518715,-171.0,573.0,0.81507826,-130.0,461.0,0.7158385,-183.0,598.0,0.97235775,-17.0,432.0,0.7728086,-127.0,0.0,0.0,-538.0
0,72.7,-58.37,-251.9,309.0,561.0,1.0108109,6.0,350.0,0.6329114,-203.0,606.0,1.048443,28.0,390.0,0.69518715,-171.0,573.0,0.81507826,-130.0,461.0,0.7158385,-183.0,600.0,0.9756098,-15.0,432.0,0.7728086,-127.0,0.0,0.0,-538.0
0,72.7,-58.37,-251.9,309.0,560.0,1.009009,5.0,351.0,0.6347197,-202.0,603.0,1.0432526,25.0,390.0,0.69518715,-171.0,573.0,0.81507826,-130.0,454.0,0.7049689,-190.0,600.0,0.9756098,-15.0,432.0,0.7728086,-127.0,0.0,0.0,-538.0
0,73.73,-59.39,-250.88,309.0,559.0,1.0072072,4.0,351.0,0.6347197,-202.0,602.0,1.0415225,24.0,389.0,0.6934046,-172.0,573.0,0.81507826,-130.0,454.0,0.7049689,-190.0,600.0,0.9756098,-15.0,431.0,0.7710197,-128.0,0.0,0.0,-538.0
0,73.73,-59.39,-250.88,309.0,559.0,1.0072072,4.0,351.0,0.6347197,-202.0,602.0,1.0415225,24.0,387.0,0.6898396,-174.0,570.0,0.8108108,-133.0,454.0,0.7049689,-190.0,600.0,0.9756098,-15.0,431.0,0.7710197,-128.0,0.0,0.0,-538.0
0,72.7,-59.39,-251.9,310.7,559.0,1.0072072,4.0,351.0,0.6347197,-202.0,602.0,1.0415225,24.0,386.0,0.68805707,-175.0,570.0,0.8108108,-133.0,450.0,0.69875777,-194.0,600.0,0.9756098,-15.0,430.0,0.7692308,-129.0,0.0,0.0,-538.0
0,72.7,-59.39,-251.9,310.7,559.0,1.0072072,4.0,351.0,0.6347197,-202.0,602.0,1.0415225,24.0,386.0,0.68805707,-175.0,568.0,0.8079659,-135.0,450.0,0.69875777,-194.0,598.0,0.97235775,-17.0,430.0,0.7692308,-129.0,0.0,0.0,-538.0
0,73.73,-57.34,-252.93,309.9,559.0,1.0072072,4.0,351.0,0.6347197,-202.0,602.0,1.0415225,24.0,386.0,0.68805707,-175.0,568.0,0.8079659,-135.0,450.0,0.69875777,-194.0,600.0,0.9756098,-15.0,431.0,0.7710197,-128.0,0.0,0.0,-538.0
0,73.73,-57.34,-252.93,309.9,559.0,1.0072072,4.0,351.0,0.6347197,-202.0,602.0,1.0415225,24.0,386.0,0.68805707,-175.0,570.0,0.8108108,-133.0,450.0,0.69875777,-194.0,600.0,0.9756098,-15.0,431.0,0.7710197,-128.0,0.0,0.0,-538.0
0,72.7,-59.39,-256.0,310.4,559.0,1.0072072,4.0,351.0,0.6347197,-202.0,603.0,1.0432526,25.0,386.0,0.68805707,-175.0,570.0,0.8108108,-133.0,450.0,0.69875777,-194.0,600.0,0.9756098,-15.0,431.0,0.7710197,-128.0,0.0,0.0,-538.0
0,72.7,-59.39,-256.0,310.4,559.0,1.0072072,4.0,351.0,0.6347197,-202.0,604.0,1.0449827,26.0,386.0,0.68805707,-175.0,570.0,0.8108108,-133.0,454.0,0.7049689,-190.0,600.0,0.9756098,-15.0,431.0,0.7710197,-128.0,0.0,0.0,-538.0
0,73.73,-57.34,-248.83,310.1,557.0,1.0036036,2.0,348.0,0.62929475,-205.0,602.0,1.0415225,24.0,382.0,0.6809269,-179.0,567.0,0.8065434,-136.0,447.0,0.69409937,-197.0,596.0,0.9691057,-19.0,428.0,0.76565295,-131.0,0.0,0.0,-538.0
0,73.73,-57.34,-248.83,310.1,557.0,1.0036036,2.0,349.0,0.6311031,-204.0,602.0,1.0415225,24.0,382.0,0.6809269,-179.0,567.0,0.8065434,-136.0,447.0,0.69409937,-197.0,596.0,0.9691057,-19.0,429.0,0.76744187,-130.0,0.0,0.0,-538.0
0,72.7,-59.39,-250.88,309.4,557.0,1.0036036,2.0,350.0,0.6329114,-203.0,602.0,1.0415225,24.0,382.0,0.6809269,-179.0,567.0,0.8065434,-136.0,447.0,0.69409937,-197.0,596.0,0.9691057,-19.0,429.0,0.76744187,-130.0,0.0,0.0,-538.0
0,72.7,-59.39,-250.88,309.4,554.0,0.9981982,-1.0,350.0,0.6329114,-203.0,601.0,1.0397924,23.0,379.0,0.6755793,-182.0,564.0,0.80227596,-139.0,446.0,0.6925466,-198.0,596.0,0.9691057,-19.0,428.0,0.76565295,-131.0,0.0,0.0,-538.0
0,70.66,-61.44,-253.95,305.8,559.0,1.0072072,4.0,347.0,0.62748647,-206.0,600.0,1.0380623,22.0,382.0,0.6809269,-179.0,561.0,0.79800856,-142.0,437.0,0.6785714,-207.0,603.0,0.9804878,-12.0,428.0,0.76565295,-131.0,0.0,0.0,-538.0
0,70.66,-61.44,-253.95,305.8,559.0,1.0072072,4.0,347.0,0.62748647,-206.0,601.0,1.0397924,23.0,382.0,0.6809269,-179.0,563.0,0.8008535,-140.0,440.0,0.6832298,-204.0,603.0,0.9804878,-12.0,428.0,0.76565295,-131.0,0.0,0.0,-538.0
0,70.66,-59.39,-251.9,307.9,559.0,1.0072072,4.0,347.0,0.62748647,-206.0,601.0,1.0397924,23.0,383.0,0.68270946,-178.0,563.0,0.8008535,-140.0,440.0,0.6832298,-204.0,603.0,0.9804878,-12.0,429.0,0.76744187,-130.0,0.0,0.0,-538.0
0,70.66,-59.39,-251.9,307.9,560.0,1.009009,5.0,347.0,0.62748647,-206.0,601.0,1.0397924,23.0,385.0,0.6862745,-176.0,564.0,0.80227596,-139.0,444.0,0.68944097,-200.0,603.0,0.9804878,-12.0,429.0,0.76744187,-130.0,0.0,0.0,-538.0
0,71.68,-61.44,-251.9,301.8,560.0,1.009009,5.0,344.0,0.6220615,-209.0,601.0,1.0397924,23.0,384.0,0.684492,-177.0,564.0,0.80227596,-139.0,443.0,0.6878882,-201.0,601.0,0.9772358,-14.0,429.0,0.76744187,-130.0,0.0,0.0,-538.0
0,71.68,-61.44,-251.9,301.8,560.0,1.009009,5.0,343.0,0.62025315,-210.0,600.0,1.0380623,22.0,384.0,0.684492,-177.0,564.0,0.80227596,-139.0,440.0,0.6832298,-204.0,601.0,0.9772358,-14.0,429.0,0.76744187,-130.0,0.0,0.0,-538.0
0,72.7,-60.42,-253.95,301.0,561.0,1.0108109,6.0,342.0,0.61844486,-211.0,600.0,1.0380623,22.0,384.0,0.684492,-177.0,562.0,0.799431,-141.0,434.0,0.67391306,-210.0,602.0,0.9788618,-13.0,427.0,0.76386404,-132.0,0.0,0.0,-538.0
0,72.7,-60.42,-253.95,301.0,561.0,1.0108109,6.0,342.0,0.61844486,-211.0,600.0,1.0380623,22.0,382.0,0.6809269,-179.0,562.0,0.799431,-141.0,434.0,0.67391306,-210.0,601.0,0.9772358,-14.0,427.0,0.76386404,-132.0,0.0,0.0,-538.0
0,72.7,-61.44,-251.9,304.4,561.0,1.0108109,6.0,342.0,0.61844486,-211.0,601.0,1.0397924,23.0,382.0,0.6809269,-179.0,563.0,0.8008535,-140.0,435.0,0.6754658,-209.0,601.0,0.9772358,-14.0,427.0,0.76386404,-132.0,0.0,0.0,-538.0
0,72.7,-61.44,-251.9,304.4,563.0,1.0144144,8.0,342.0,0.61844486,-211.0,601.0,1.0397924,23.0,382.0,0.6809269,-179.0,564.0,0.80227596,-139.0,437.0,0.6785714,-207.0,601.0,0.9772358,-14.0,427.0,0.76386404,-132.0,0.0,0.0,-538.0
0,71.68,-61.44,-250.88,306.4,563.0,1.0144144,8.0,342.0,0.61844486,-211.0,601.0,1.0397924,23.0,384.0,0.684492,-177.0,567.0,0.8065434,-136.0,440.0,0.6832298,-204.0,601.0,0.9772358,-14.0,428.0,0.76565295,-131.0,0.0,0.0,-538.0
0,71.68,-61.44,-250.88,306.4,563.0,1.0144144,8.0,342.0,0.61844486,-211.0,601.0,1.0397924,23.0,384.0,0.684492,-177.0,567.0,0.8065434,-136.0,441.0,0.6847826,-203.0,601.0,0.9772358,-14.0,428.0,0.76565295,-131.0,0.0,0.0,-538.0
0,71.68,-61.44,-249.86,306.1,561.0,1.0108109,6.0,338.0,0.6112116,-215.0,600.0,1.0380623,22.0,382.0,0.6809269,-179.0,566.0,0.8051209,-137.0,440.0,0.6832298,-204.0,601.0,0.9772358,-14.0,429.0,0.76744187,-130.0,0.0,0.0,-538.0
0,71.68,-61.44,-249.86,306.1,561.0,1.0108109,6.0,336.0,0.6075949,-217.0,599.0,1.0363321,21.0,381.0,0.6791444,-180.0,565.0,0.8036984,-138.0,440.0,0.6832298,-204.0,598.0,0.97235775,-17.0,426.0,0.7620751,-133.0,0.0,0.0,-538.0
0,71.68,-61.44,-249.86,306.1,560.0,1.009009,5.0,335.0,0.6057866,-218.0,599.0,1.0363321,21.0,381.0,0.6791444,-180.0,565.0,0.8036984,-138.0,440.0,0.6832298,-204.0,598.0,0.97235775,-17.0,426.0,0.7620751,-133.0,0.0,0.0,-538.0
0,71.68,-62.46,-250.88,305.1,560.0,1.009009,5.0,334.0,0.6039783,-219.0,598.0,1.034602,20.0,381.0,0.6791444,-180.0,563.0,0.8008535,-140.0,440.0,0.6832298,-204.0,598.0,0.97235775,-17.0,426.0,0.7620751,-133.0,0.0,0.0,-538.0
0,71.68,-62.46,-250.88,305.1,560.0,1.009009,5.0,334.0,0.6039783,-219.0,597.0,1.032872,19.0,381.0,0.6791444,-180.0,563.0,0.8008535,-140.0,437.0,0.6785714,-207.0,598.0,0.97235775,-17.0,426.0,0.7620751,-133.0,0.0,0.0,-538.0
0,70.66,-61.44,-251.9,305.9,560.0,1.009009,5.0,335.0,0.6057866,-218.0,598.0,1.034602,20.0,381.0,0.6791444,-180.0,563.0,0.8008535,-140.0,440.0,0.6832298,-204.0,598.0,0.97235775,-17.0,426.0,0.7620751,-133.0,0.0,0.0,-538.0
0,70.66,-61.44,-251.9,305.9,561.0,1.0108109,6.0,335.0,0.6057866,-218.0,598.0,1.034602,20.0,381.0,0.6791444,-180.0,565.0,0.8036984,-138.0,441.0,0.6847826,-203.0,598.0,0.97235775,-17.0,426.0,0.7620751,-133.0,0.0,0.0,-538.0
0,71.68,-62.46,-250.88,307.9,562.0,1.0126126,7.0,336.0,0.6075949,-217.0,598.0,1.034602,20.0,381.0,0.6791444,-180.0,565.0,0.8036984,-138.0,443.0,0.6878882,-201.0,601.0,0.9772358,-14.0,426.0,0.7620751,-133.0,0.0,0.0,-538.0
0,71.68,-62.46,-250.88,307.9,562.0,1.0126126,7.0,336.0,0.6075949,-217.0,598.0,1.034602,20.0,381.0,0.6791444,-180.0,565.0,0.8036984,-138.0,443.0,0.6878882,-201.0,603.0,0.9804878,-12.0,426.0,0.7620751,-133.0,0.0,0.0,-538.0
0,71.68,-60.42,-250.88,305.1,562.0,1.0126126,7.0,338.0,0.6112116,-215.0,597.0,1.032872,19.0,381.0,0.6791444,-180.0,563.0,0.8008535,-140.0,440.0,0.6832298,-204.0,603.0,0.9804878,-12.0,425.0,0.7602862,-134.0,0.0,0.0,-538.0
0,71.68,-60.42,-250.88,305.1,562.0,1.0126126,7.0,338.0,0.6112116,-215.0,596.0,1.0311419,18.0,381.0,0.6791444,-180.0,563.0,0.8008535,-140.0,440.0,0.6832298,-204.0,601.0,0.9772358,-14.0,425.0,0.7602862,-134.0,0.0,0.0,-538.0
0,71.68,-62.46,-251.9,302.8,562.0,1.0126126,7.0,336.0,0.6075949,-217.0,596.0,1.0311419,18.0,375.0,0.6684492,-186.0,563.0,0.8008535,-140.0,440.0,0.6832298,-204.0,600.0,0.9756098,-15.0,425.0,0.7602862,-134.0,0.0,0.0,-538.0
0,71.68,-62.46,-251.9,302.8,562.0,1.0126126,7.0,334.0,0.6039783,-219.0,596.0,1.0311419,18.0,375.0,0.6684492,-186.0,563.0,0.8008535,-140.0,440.0,0.6832298,-204.0,599.0,0.97398376,-16.0,425.0,0.7602862,-134.0,0.0,0.0,-538.0
0,73.73,-62.46,-250.88,303.5,562.0,1.0126126,7.0,332.0,0.60036165,-221.0,596.0,1.0311419,18.0,375.0,0.6684492,-186.0,563.0,0.8008535,-140.0,440.0,0.6832298,-204.0,599.0,0.97398376,-16.0,425.0,0.7602862,-134.0,0.0,0.0,-538.0
1,84.99,-67.58,-241.66,302.4,55.0,0.10261194,-481.0,165.0,0.24737631,-502.0,468.0,0.84782606,-84.0,350.0,0.5785124,-255.0,431.0,0.68088466,-202.0,344.0,0.65275145,-183.0,621.0,0.89869756,-70.0,402.0,0.67676765,-192.0,0.0,0.0,-639.0
1,84.99,-67.58,-241.66,302.4,55.0,0.10261194,-481.0,165.0,0.24737631,-502.0,468.0,0.84782606,-84.0,350.0,0.5785124,-255.0,431.0,0.68088466,-202.0,344.0,0.65275145,-183.0,620.0,0.89725035,-71.0,402.0,0.67676765,-192.0,0.0,0.0,-639.0
1,84.99,-65.54,-241.66,302.3,55.0,0.10261194,-481.0,165.0,0.24737631,-502.0,470.0,0.85144925,-82.0,351.0,0.58016527,-254.0,431.0,0.68088466,-202.0,344.0,0.65275145,-183.0,621.0,0.89869756,-70.0,402.0,0.67676765,-192.0,0.0,0.0,-639.0
1,84.99,-65.54,-241.66,302.3,55.0,0.10261194,-481.0,165.0,0.24737631,-502.0,470.0,0.85144925,-82.0,351.0,0.58016527,-254.0,431.0,0.68088466,-202.0,345.0,0.65464896,-182.0,621.0,0.89869756,-70.0,402.0,0.67676765,-192.0,0.0,0.0,-639.0
1,82.94,-67.58,-242.69,302.5,55.0,0.10261194,-481.0,165.0,0.24737631,-502.0,471.0,0.8532609,-81.0,351.0,0.58016527,-254.0,432.0,0.6824645,-201.0,346.0,0.6565465,-181.0,621.0,0.89869756,-70.0,404.0,0.68013465,-190.0,0.0,0.0,-639.0
1,82.94,-67.58,-242.69,302.5,55.0,0.10261194,-481.0,165.0,0.24737631,-502.0,471.0,0.8532609,-81.0,351.0,0.58016527,-254.0,432.0,0.6824645,-201.0,346.0,0.6565465,-181.0,622.0,0.9001447,-69.0,405.0,0.6818182,-189.0,0.0,0.0,-639.0
1,84.99,-67.58,-244.74,304.8,55.0,0.10261194,-481.0,166.0,0.24887556,-501.0,470.0,0.85144925,-82.0,349.0,0.57685953,-256.0,431.0,0.68088466,-202.0,344.0,0.65275145,-183.0,622.0,0.9001447,-69.0,405.0,0.6818182,-189.0,0.0,0.0,-639.0
1,84.99,-67.58,-244.74,304.8,55.0,0.10261194,-481.0,166.0,0.24887556,-501.0,469.0,0.8496377,-83.0,349.0,0.57685953,-256.0,430.0,0.6793049,-203.0,343.0,0.6508539,-184.0,622.0,0.9001447,-69.0,405.0,0.6818182,-189.0,0.0,0.0,-639.0
1,83.97,-66.56,-244.74,306.1,55.0,0.10261194,-481.0,166.0,0.24887556,-501.0,467.0,0.8460145,-85.0,349.0,0.57685953,-256.0,429.0,0.67772514,-204.0,343.0,0.6508539,-184.0,622.0,0.9001447,-69.0,405.0,0.6818182,-189.0,0.0,0.0,-639.0
1,83.97,-66.56,-244.74,306.1,55.0,0.10261194,-481.0,166.0,0.24887556,-501.0,465.0,0.8423913,-87.0,349.0,0.57685953,-256.0,428.0,0.6761453,-205.0,342.0,0.64895636,-185.0,622.0,0.9001447,-69.0,405.0,0.6818182,-189.0,0.0,0.0,-639.0
1,84.99,-66.56,-245.76,302.1,53.0,0.0988806,-483.0,158.0,0.23688155,-509.0,464.0,0.8405797,-88.0,365.0,0.60330576,-240.0,414.0,0.6540284,-219.0,349.0,0.6622391,-178.0,630.0,0.9117221,-61.0,406.0,0.68350166,-188.0,0.0,0.0,-639.0
1,84.99,-66.56,-245.76,302.1,53.0,0.0988806,-483.0,158.0,0.23688155,-509.0,463.0,0.8387681,-89.0,365.0,0.60330576,-240.0,412.0,0.6508689,-221.0,349.0,0.6622391,-178.0,629.0,0.910275,-62.0,406.0,0.68350166,-188.0,0.0,0.0,-639.0
1,83.97,-66.56,-243.71,303.3,53.0,0.0988806,-483.0,158.0,0.23688155,-509.0,463.0,0.8387681,-89.0,365.0,0.60330576,-240.0,412.0,0.6508689,-221.0,349.0,0.6622391,-178.0,628.0,0.9088278,-63.0,406.0,0.68350166,-188.0,0.0,0.0,-639.0
1,83.97,-66.56,-243.71,303.3,53.0,0.0988806,-483.0,157.0,0.2353823,-510.0,463.0,0.8387681,-89.0,365.0,0.60330576,-240.0,411.0,0.6492891,-222.0,347.0,0.65844405,-180.0,628.0,0.9088278,-63.0,406.0,0.68350166,-188.0,0.0,0.0,-639.0
1,83.97,-66.56,-244.74,302.4,63.0,0.11753731,-473.0,158.0,0.23688155,-509.0,461.0,0.83514494,-91.0,368.0,0.60826445,-237.0,409.0,0.64612955,-224.0,346.0,0.6565465,-181.0,628.0,0.9088278,-63.0,416.0,0.7003367,-178.0,0.0,0.0,-639.0
1,83.97,-66.56,-244.74,302.4,63.0,0.11753731,-473.0,158.0,0.23688155,-509.0,459.0,0.83152175,-93.0,368.0,0.60826445,-237.0,406.0,0.6413902,-227.0,345.0,0.65464896,-182.0,628.0,0.9088278,-63.0,416.0,0.7003367,-178.0,0.0,0.0,-639.0
1,84.99,-64.51,-244.74,308.7,70.0,0.13059701,-466.0,158.0,0.23688155,-509.0,458.0,0.8297101,-94.0,368.0,0.60826445,-237.0,406.0,0.6413902,-227.0,344.0,0.65275145,-183.0,631.0,0.9131693,-60.0,422.0,0.7104377,-172.0,0.0,0.0,-639.0
1,84.99,-64.51,-244.74,308.7,72.0,0.13432837,-464.0,159.0,0.2383808,-508.0,456.0,0.82608694,-96.0,359.0,0.59338844,-246.0,405.0,0.63981044,-228.0,340.0,0.6451613,-187.0,631.0,0.9131693,-60.0,422.0,0.7104377,-172.0,0.0,0.0,-639.0
1,84.99,-64.51,-243.71,306.4,72.0,0.13432837,-464.0,159.0,0.2383808,-508.0,452.0,0.81884056,-100.0,357.0,0.59008265,-248.0,404.0,0.6382306,-229.0,338.0,0.64136624,-189.0,630.0,0.9117221,-61.0,422.0,0.7104377,-172.0,0.0,0.0,-639.0
1,84.99,-64.51,-243.71,306.4,72.0,0.13432837,-464.0,159.0,0.2383808,-508.0,452.0,0.81884056,-100.0,353.0,0.58347106,-252.0,402.0,0.6350711,-231.0,337.0,0.63946867,-190.0,630.0,0.9117221,-61.0,422.0,0.7104377,-172.0,0.0,0.0,-639.0
1,84.99,-65.54,-244.74,304.6,74.0,0.1380597,-462.0,161.0,0.2413793,-506.0,452.0,0.81884056,-100.0,355.0,0.58677685,-250.0,403.0,0.63665086,-230.0,337.0,0.63946867,-190.0,631.0,0.9131693,-60.0,424.0,0.7138047,-170.0,0.0,0.0,-639.0
1,84.99,-65.54,-244.74,304.6,80.0,0.14925373,-456.0,163.0,0.2443778,-504.0,452.0,0.81884056,-100.0,356.0,0.58842975,-249.0,403.0,0.63665086,-230.0,337.0,0.63946867,-190.0,632.0,0.9146165,-59.0,427.0,0.7188552,-167.0,0.0,0.0,-639.0
1,84.99,-64.51,-243.71,307.6,80.0,0.14925373,-456.0,163.0,0.2443778,-504.0,452.0,0.81884056,-100.0,357.0,0.59008265,-248.0,403.0,0.63665086,-230.0,337.0,0.63946867,-190.0,632.0,0.9146165,-59.0,427.0,0.7188552,-167.0,0.0,0.0,-639.0
1,84.99,-64.51,-243.71,307.6,81.0,0.1511194,-455.0,166.0,0.24887556,-501.0,452.0,0.81884056,-100.0,357.0,0.59008265,-248.0,403.0,0.63665086,-230.0,337.0,0.63946867,-190.0,632.0,0.9146165,-59.0,429.0,0.7222222,-165.0,0.0,0.0,-639.0
1,83.97,-66.56,-247.81,307.4,84.0,0.15671642,-452.0,166.0,0.24887556,-501.0,453.0,0.8206522,-99.0,358.0,0.59173554,-247.0,403.0,0.63665086,-230.0,338.0,0.64136624,-189.0,634.0,0.91751087,-57.0,428.0,0.72053874,-166.0,0.0,0.0,-639.0
1,83.97,-66.56,-247.81,307.4,80.0,0.14925373,-456.0,163.0,0.2443778,-504.0,453.0,0.8206522,-99.0,358.0,0.59173554,-247.0,402.0,0.6350711,-231.0,338.0,0.64136624,-189.0,634.0,0.91751087,-57.0,428.0,0.72053874,-166.0,0.0,0.0,-639.0
1,83.97,-65.54,-244.74,304.7,80.0,0.14925373,-456.0,163.0,0.2443778,-504.0,451.0,0.817029,-101.0,356.0,0.58842975,-249.0,402.0,0.6350711,-231.0,338.0,0.64136624,-189.0,633.0,0.91606367,-58.0,428.0,0.72053874,-166.0,0.0,0.0,-639.0
1,83.97,-65.54,-244.74,304.7,80.0,0.14925373,-456.0,163.0,0.2443778,-504.0,451.0,0.817029,-101.0,356.0,0.58842975,-249.0,402.0,0.6350711,-231.0,338.0,0.64136624,-189.0,633.0,0.91606367,-58.0,428.0,0.72053874,-166.0,0.0,0.0,-639.0
1,81.92,-65.54,-244.74,302.3,80.0,0.14925373,-456.0,163.0,0.2443778,-504.0,451.0,0.817029,-101.0,355.0,0.58677685,-250.0,402.0,0.6350711,-231.0,336.0,0.63757116,-191.0,633.0,0.91606367,-58.0,428.0,0.72053874,-166.0,0.0,0.0,-639.0
1,81.92,-65.54,-244.74,302.3,80.0,0.14925373,-456.0,165.0,0.24737631,-502.0,451.0,0.817029,-101.0,356.0,0.58842975,-249.0,402.0,0.6350711,-231.0,338.0,0.64136624,-189.0,634.0,0.91751087,-57.0,428.0,0.72053874,-166.0,0.0,0.0,-639.0
1,81.92,-65.54,-244.74,302.3,80.0,0.14925373,-456.0,165.0,0.24737631,-502.0,452.0,0.81884056,-100.0,356.0,0.58842975,-249.0,402.0,0.6350711,-231.0,339.0,0.64326376,-188.0,634.0,0.91751087,-57.0,428.0,0.72053874,-166.0,0.0,0.0,-639.0
1,84.99,-66.56,-245.76,304.5,70.0,0.13059701,-466.0,153.0,0.2293853,-514.0,453.0,0.8206522,-99.0,357.0,0.59008265,-248.0,398.0,0.628752,-235.0,344.0,0.65275145,-183.0,632.0,0.9146165,-59.0,422.0,0.7104377,-172.0,0.0,0.0,-639.0
1,84.99,-66.56,-245.76,304.5,70.0,0.13059701,-466.0,153.0,0.2293853,-514.0,453.0,0.8206522,-99.0,357.0,0.59008265,-248.0,397.0,0.6271722,-236.0,342.0,0.64895636,-185.0,632.0,0.9146165,-59.0,422.0,0.7104377,-172.0,0.0,0.0,-639.0
1,82.94,-64.51,-244.74,304.8,70.0,0.13059701,-466.0,151.0,0.2263868,-516.0,453.0,0.8206522,-99.0,357.0,0.59008265,-248.0,395.0,0.62401265,-238.0,342.0,0.64895636,-185.0,632.0,0.9146165,-59.0,422.0,0.7104377,-172.0,0.0,0.0,-639.0
1,82.94,-64.51,-244.74,304.8,70.0,0.13059701,-466.0,153.0,0.2293853,-514.0,453.0,0.8206522,-99.0,360.0,0.59504133,-245.0,395.0,0.62401265,-238.0,342.0,0.64895636,-185.0,632.0,0.9146165,-59.0,423.0,0.7121212,-171.0,0.0,0.0,-639.0
1,82.94,-64.51,-243.71,301.5,71.0,0.13246268,-465.0,153.0,0.2293853,-514.0,453.0,0.8206522,-99.0,360.0,0.59504133,-245.0,395.0,0.62401265,-238.0,343.0,0.6508539,-184.0,632.0,0.9146165,-59.0,423.0,0.7121212,-171.0,0.0,0.0,-639.0
1,82.94,-64.51,-243.71,301.5,73.0,0.13619404,-463.0,153.0,0.2293853,-514.0,454.0,0.82246375,-98.0,363.0,0.6,-242.0,395.0,0.62401265,-238.0,344.0,0.65275145,-183.0,633.0,0.91606367,-58.0,425.0,0.7154882,-169.0,0.0,0.0,-639.0
1,82.94,-64.51,-243.71,301.5,74.0,0.1380597,-462.0,153.0,0.2293853,-514.0,454.0,0.82246375,-98.0,364.0,0.6016529,-241.0,395.0,0.62401265,-238.0,344.0,0.65275145,-183.0,633.0,0.91606367,-58.0,426.0,0.7171717,-168.0,0.0,0.0,-639.0
1,82.94,-65.54,-247.81,302.3,72.0,0.13432837,-464.0,152.0,0.22788605,-515.0,453.0,0.8206522,-99.0,368.0,0.60826445,-237.0,391.0,0.61769354,-242.0,348.0,0.66034156,-179.0,635.0,0.918958,-56.0,418.0,0.7037037,-176.0,0.0,0.0,-639.0
1,82.94,-65.54,-247.81,302.3,72.0,0.13432837,-464.0,152.0,0.22788605,-515.0,453.0,0.8206522,-99.0,368.0,0.60826445,-237.0,390.0,0.6161137,-243.0,348.0,0.66034156,-179.0,635.0,0.918958,-56.0,418.0,0.7037037,-176.0,0.0,0.0,-639.0
1,83.97,-65.54,-244.74,304.4,72.0,0.13432837,-464.0,152.0,0.22788605,-515.0,453.0,0.8206522,-99.0,368.0,0.60826445,-237.0,390.0,0.6161137,-243.0,348.0,0.66034156,-179.0,635.0,0.918958,-56.0,418.0,0.7037037,-176.0,0.0,0.0,-639.0
1,83.97,-65.54,-244.74,304.4,72.0,0.13432837,-464.0,152.0,0.22788605,-515.0,453.0,0.8206522,-99.0,368.0,0.60826445,-237.0,389.0,0.61453396,-244.0,348.0,0.66034156,-179.0,635.0,0.918958,-56.0,418.0,0.7037037,-176.0,0.0,0.0,-639.0
1,83.97,-63.49,-247.81,303.7,73.0,0.13619404,-463.0,152.0,0.22788605,-515.0,455.0,0.8242754,-97.0,368.0,0.60826445,-237.0,389.0,0.61453396,-244.0,349.0,0.6622391,-178.0,635.0,0.918958,-56.0,419.0,0.70538723,-175.0,0.0,0.0,-639.0
1,83.97,-63.49,-247.81,303.7,76.0,0.14179105,-460.0,152.0,0.22788605,-515.0,455.0,0.8242754,-97.0,373.0,0.6165289,-232.0,390.0,0.6161137,-243.0,349.0,0.6622391,-178.0,636.0,0.9204052,-55.0,423.0,0.7121212,-171.0,0.0,0.0,-639.0
1,82.94,-64.51,-245.76,302.3,76.0,0.14179105,-460.0,153.0,0.2293853,-514.0,455.0,0.8242754,-97.0,375.0,0.6198347,-230.0,390.0,0.6161137,-243.0,350.0,0.66413665,-177.0,636.0,0.9204052,-55.0,423.0,0.7121212,-171.0,0.0,0.0,-639.0
1,82.94,-64.51,-245.76,302.3,77.0,0.14365672,-459.0,154.0,0.23088455,-513.0,455.0,0.8242754,-97.0,376.0,0.6214876,-229.0,390.0,0.6161137,-243.0,350.0,0.66413665,-177.0,637.0,0.9218524,-54.0,424.0,0.7138047,-170.0,0.0,0.0,-639.0
1,83.97,-64.51,-245.76,301.6,85.0,0.15858209,-451.0,150.0,0.22488755,-517.0,454.0,0.82246375,-98.0,379.0,0.6264463,-226.0,386.0,0.6097946,-247.0,349.0,0.6622391,-178.0,643.0,0.93053544,-48.0,429.0,0.7222222,-165.0,0.0,0.0,-639.0
1,83.97,-64.51,-245.76,301.6,85.0,0.15858209,-451.0,150.0,0.22488755,-517.0,454.0,0.82246375,-98.0,379.0,0.6264463,-226.0,386.0,0.6097946,-247.0,351.0,0.66603416,-176.0,643.0,0.93053544,-48.0,429.0,0.7222222,-165.0,0.0,0.0,-639.0
1,83.97,-64.51,-245.76,301.6,85.0,0.15858209,-451.0,150.0,0.22488755,-517.0,456.0,0.82608694,-96.0,379.0,0.6264463,-226.0,386.0,0.6097946,-247.0,353.0,0.66982925,-174.0,643.0,0.93053544,-48.0,429.0,0.7222222,-165.0,0.0,0.0,-639.0
1,80.9,-64.51,-246.78,301.6,85.0,0.15858209,-451.0,152.0,0.22788605,-515.0,456.0,0.82608694,-96.0,379.0,0.6264463,-226.0,387.0,0.6113744,-246.0,353.0,0.66982925,-174.0,643.0,0.93053544,-48.0,429.0,0.7222222,-165.0,0.0,0.0,-639.0
2,99.33,-61.44,-241.66,305.6,628.0,1.0680273,40.0,597.0,1.120075,64.0,410.0,0.6810631,-192.0,529.0,0.8772803,-74.0,677.0,1.002963,2.0,526.0,0.7804154,-148.0,638.0,1.0831919,49.0,532.0,0.78350514,-147.0,578.0,0.8878648,-73.0
2,99.33,-61.44,-241.66,305.6,628.0,1.0680273,40.0,597.0,1.120075,64.0,409.0,0.679402,-193.0,529.0,0.8772803,-74.0,677.0,1.002963,2.0,526.0,0.7804154,-148.0,637.0,1.0814941,48.0,532.0,0.78350514,-147.0,578.0,0.8878648,-73.0
2,99.33,-60.42,-241.66,309.2,628.0,1.0680273,40.0,597.0,1.120075,64.0,410.0,0.6810631,-192.0,530.0,0.8789386,-73.0,677.0,1.002963,2.0,527.0,0.7818991,-147.0,637.0,1.0814941,48.0,533.0,0.7849779,-146.0,582.0,0.89400923,-69.0
2,99.33,-60.42,-241.66,309.2,629.0,1.0697279,41.0,597.0,1.120075,64.0,411.0,0.68272424,-191.0,530.0,0.8789386,-73.0,677.0,1.002963,2.0,529.0,0.78486645,-145.0,638.0,1.0831919,49.0,534.0,0.7864507,-145.0,582.0,0.89400923,-69.0
2,98.3,-58.37,-239.62,305.9,629.0,1.0697279,41.0,597.0,1.120075,64.0,412.0,0.68438536,-190.0,531.0,0.880597,-72.0,677.0,1.002963,2.0,529.0,0.78486645,-145.0,638.0,1.0831919,49.0,534.0,0.7864507,-145.0,582.0,0.89400923,-69.0
2,98.3,-58.37,-239.62,305.9,629.0,1.0697279,41.0,598.0,1.1219512,65.0,413.0,0.68604654,-189.0,531.0,0.880597,-72.0,677.0,1.002963,2.0,530.0,0.78635013,-144.0,638.0,1.0831919,49.0,534.0,0.7864507,-145.0,582.0,0.89400923,-69.0
2,100.35,-59.39,-238.59,303.9,594.0,1.0102041,6.0,563.0,1.0562851,30.0,403.0,0.6694352,-199.0,520.0,0.8623549,-83.0,657.0,0.97333336,-18.0,529.0,0.78486645,-145.0,624.0,1.0594227,35.0,528.0,0.7776141,-151.0,560.0,0.86021507,-91.0
2,100.35,-59.39,-238.59,303.9,587.0,0.9982993,-1.0,564.0,1.0581614,31.0,406.0,0.6744186,-196.0,518.0,0.8590381,-85.0,658.0,0.97481483,-17.0,539.0,0.79970324,-135.0,624.0,1.0594227,35.0,530.0,0.78055966,-149.0,569.0,0.87403995,-82.0
2,100.35,-59.39,-239.62,307.4,586.0,0.99659866,-2.0,564.0,1.0581614,31.0,406.0,0.6744186,-196.0,516.0,0.8557214,-87.0,658.0,0.97481483,-17.0,539.0,0.79970324,-135.0,623.0,1.057725,34.0,530.0,0.78055966,-149.0,567.0,0.87096775,-84.0
2,100.35,-59.39,-239.62,307.4,571.0,0.9710884,-17.0,564.0,1.0581614,31.0,406.0,0.6744186,-196.0,513.0,0.8507463,-90.0,658.0,0.97481483,-17.0,539.0,0.79970324,-135.0,623.0,1.057725,34.0,530.0,0.78055966,-149.0,559.0,0.85867894,-92.0
2,100.35,-59.39,-236.54,307.5,571.0,0.9710884,-17.0,564.0,1.0581614,31.0,406.0,0.6744186,-196.0,513.0,0.8507463,-90.0,657.0,0.97333336,-18.0,526.0,0.7804154,-148.0,623.0,1.057725,34.0,530.0,0.78055966,-149.0,556.0,0.85407066,-95.0
2,100.35,-59.39,-236.54,307.5,571.0,0.9710884,-17.0,564.0,1.0581614,31.0,404.0,0.6710963,-198.0,513.0,0.8507463,-90.0,657.0,0.97333336,-18.0,524.0,0.77744806,-150.0,623.0,1.057725,34.0,530.0,0.78055966,-149.0,556.0,0.85407066,-95.0
2,100.35,-61.44,-239.62,309.0,573.0,0.9744898,-15.0,566.0,1.0619137,33.0,406.0,0.6744186,-196.0,515.0,0.85406303,-88.0,658.0,0.97481483,-17.0,524.0,0.77744806,-150.0,623.0,1.057725,34.0,530.0,0.78055966,-149.0,559.0,0.85867894,-92.0
2,100.35,-61.44,-239.62,309.0,580.0,0.9863946,-8.0,569.0,1.0675422,36.0,408.0,0.6777409,-194.0,515.0,0.85406303,-88.0,662.0,0.9807407,-13.0,524.0,0.77744806,-150.0,623.0,1.057725,34.0,530.0,0.78055966,-149.0,561.0,0.86175114,-90.0
2,101.38,-60.42,-239.62,310.1,581.0,0.9880952,-7.0,571.0,1.0712945,38.0,408.0,0.6777409,-194.0,516.0,0.8557214,-87.0,662.0,0.9807407,-13.0,524.0,0.77744806,-150.0,624.0,1.0594227,35.0,530.0,0.78055966,-149.0,561.0,0.86175114,-90.0
2,101.38,-60.42,-239.62,310.1,586.0,0.99659866,-2.0,576.0,1.0806754,43.0,408.0,0.6777409,-194.0,516.0,0.8557214,-87.0,662.0,0.9807407,-13.0,524.0,0.77744806,-150.0,624.0,1.0594227,35.0,531.0,0.78203243,-148.0,561.0,0.86175114,-90.0
2,100.35,-61.44,-240.64,310.0,583.0,0.9914966,-5.0,578.0,1.0844277,45.0,409.0,0.679402,-193.0,517.0,0.8573798,-86.0,664.0,0.98370373,-11.0,526.0,0.7804154,-148.0,624.0,1.0594227,35.0,531.0,0.78203243,-148.0,561.0,0.86175114,-90.0
2,100.35,-61.44,-240.64,310.0,581.0,0.9880952,-7.0,578.0,1.0844277,45.0,409.0,0.679402,-193.0,516.0,0.8557214,-87.0,664.0,0.98370373,-11.0,526.0,0.7804154,-148.0,624.0,1.0594227,35.0,531.0,0.78203243,-148.0,561.0,0.86175114,-90.0
2,99.33,-61.44,-238.59,310.7,573.0,0.9744898,-15.0,578.0,1.0844277,45.0,409.0,0.679402,-193.0,515.0,0.85406303,-88.0,664.0,0.98370373,-11.0,526.0,0.7804154,-148.0,623.0,1.057725,34.0,531.0,0.78203243,-148.0,561.0,0.86175114,-90.0
2,99.33,-61.44,-238.59,310.7,571.0,0.9710884,-17.0,578.0,1.0844277,45.0,409.0,0.679402,-193.0,514.0,0.85240465,-89.0,664.0,0.98370373,-11.0,526.0,0.7804154,-148.0,623.0,1.057725,34.0,531.0,0.78203243,-148.0,561.0,0.86175114,-90.0
2,99.33,-61.44,-238.59,310.7,570.0,0.96938777,-18.0,578.0,1.0844277,45.0,409.0,0.679402,-193.0,514.0,0.85240465,-89.0,664.0,0.98370373,-11.0,526.0,0.7804154,-148.0,623.0,1.057725,34.0,531.0,0.78203243,-148.0,561.0,0.86175114,-90.0
2,100.35,-60.42,-241.66,310.7,570.0,0.96938777,-18.0,586.0,1.0994371,53.0,412.0,0.68438536,-190.0,511.0,0.8474295,-92.0,668.0,0.9896296,-7.0,538.0,0.79821956,-136.0,623.0,1.057725,34.0,532.0,0.78350514,-147.0,566.0,0.8694316,-85.0
2,100.35,-60.42,-241.66,310.7,570.0,0.96938777,-18.0,587.0,1.1013134,54.0,412.0,0.68438536,-190.0,511.0,0.8474295,-92.0,668.0,0.9896296,-7.0,538.0,0.79821956,-136.0,623.0,1.057725,34.0,532.0,0.78350514,-147.0,569.0,0.87403995,-82.0
2,100.35,-60.42,-238.59,308.8,572.0,0.9727891,-16.0,588.0,1.1031895,55.0,415.0,0.6893688,-187.0,511.0,0.8474295,-92.0,669.0,0.9911111,-6.0,538.0,0.79821956,-136.0,623.0,1.057725,34.0,532.0,0.78350514,-147.0,569.0,0.87403995,-82.0
2,100.35,-60.42,-238.59,308.8,573.0,0.9744898,-15.0,591.0,1.108818,58.0,415.0,0.6893688,-187.0,512.0,0.8490879,-91.0,670.0,0.9925926,-5.0,538.0,0.79821956,-136.0,623.0,1.057725,34.0,532.0,0.78350514,-147.0,569.0,0.87403995,-82.0
2,100.35,-58.37,-240.64,308.3,574.0,0.97619045,-14.0,592.0,1.1106942,59.0,415.0,0.6893688,-187.0,513.0,0.8507463,-90.0,670.0,0.9925926,-5.0,538.0,0.79821956,-136.0,623.0,1.057725,34.0,532.0,0.78350514,-147.0,569.0,0.87403995,-82.0
2,100.35,-58.37,-240.64,308.3,578.0,0.9829932,-10.0,592.0,1.1106942,59.0,412.0,0.68438536,-190.0,513.0,0.8507463,-90.0,670.0,0.9925926,-5.0,534.0,0.79228485,-140.0,624.0,1.0594227,35.0,533.0,0.7849779,-146.0,570.0,0.875576,-81.0
2,100.35,-60.42,-238.59,306.6,577.0,0.98129255,-11.0,592.0,1.1106942,59.0,412.0,0.68438536,-190.0,513.0,0.8507463,-90.0,668.0,0.9896296,-7.0,534.0,0.79228485,-140.0,624.0,1.0594227,35.0,532.0,0.78350514,-147.0,570.0,0.875576,-81.0
2,100.35,-60.42,-238.59,306.6,573.0,0.9744898,-15.0,591.0,1.108818,58.0,412.0,0.68438536,-190.0,513.0,0.8507463,-90.0,668.0,0.9896296,-7.0,534.0,0.79228485,-140.0,624.0,1.0594227,35.0,532.0,0.78350514,-147.0,570.0,0.875576,-81.0
2,100.35,-59.39,-238.59,307.7,572.0,0.9727891,-16.0,591.0,1.108818,58.0,412.0,0.68438536,-190.0,513.0,0.8507463,-90.0,668.0,0.9896296,-7.0,534.0,0.79228485,-140.0,623.0,1.057725,34.0,532.0,0.78350514,-147.0,570.0,0.875576,-81.0
2,100.35,-59.39,-238.59,307.7,571.0,0.9710884,-17.0,591.0,1.108818,58.0,412.0,0.68438536,-190.0,512.0,0.8490879,-91.0,668.0,0.9896296,-7.0,534.0,0.79228485,-140.0,623.0,1.057725,34.0,532.0,0.78350514,-147.0,570.0,0.875576,-81.0
2,101.38,-60.42,-238.59,309.9,571.0,0.9710884,-17.0,591.0,1.108818,58.0,415.0,0.6893688,-187.0,513.0,0.8507463,-90.0,670.0,0.9925926,-5.0,537.0,0.7967359,-137.0,624.0,1.0594227,35.0,533.0,0.7849779,-146.0,574.0,0.8817204,-77.0
2,101.38,-60.42,-238.59,309.9,572.0,0.9727891,-16.0,592.0,1.1106942,59.0,416.0,0.6910299,-186.0,513.0,0.8507463,-90.0,671.0,0.99407405,-4.0,542.0,0.8041543,-132.0,624.0,1.0594227,35.0,536.0,0.78939617,-143.0,574.0,0.8817204,-77.0
2,100.35,-59.39,-237.57,307.3,573.0,0.9744898,-15.0,592.0,1.1106942,59.0,417.0,0.692691,-185.0,513.0,0.8507463,-90.0,671.0,0.99407405,-4.0,542.0,0.8041543,-132.0,625.0,1.0611205,36.0,536.0,0.78939617,-143.0,574.0,0.8817204,-77.0
2,100.35,-59.39,-237.57,307.3,574.0,0.97619045,-14.0,592.0,1.1106942,59.0,417.0,0.692691,-185.0,514.0,0.85240465,-89.0,673.0,0.99703705,-2.0,542.0,0.8041543,-132.0,627.0,1.0645162,38.0,536.0,0.78939617,-143.0,574.0,0.8817204,-77.0
2,100.35,-61.44,-240.64,307.1,575.0,0.97789115,-13.0,591.0,1.108818,58.0,417.0,0.692691,-185.0,514.0,0.85240465,-89.0,672.0,0.9955556,-3.0,540.0,0.8011869,-134.0,627.0,1.0645162,38.0,536.0,0.78939617,-143.0,573.0,0.88018435,-78.0
2,100.35,-61.44,-240.64,307.1,575.0,0.97789115,-13.0,591.0,1.108818,58.0,417.0,0.692691,-185.0,513.0,0.8507463,-90.0,672.0,0.9955556,-3.0,540.0,0.8011869,-134.0,627.0,1.0645162,38.0,536.0,0.78939617,-143.0,573.0,0.88018435,-78.0
2,100.35,-61.44,-240.64,307.1,575.0,0.97789115,-13.0,591.0,1.108818,58.0,417.0,0.692691,-185.0,513.0,0.8507463,-90.0,672.0,0.9955556,-3.0,540.0,0.8011869,-134.0,627.0,1.0645162,38.0,536.0,0.78939617,-143.0,573.0,0.88018435,-78.0
2,100.35,-59.39,-238.59,307.3,575.0,0.97789115,-13.0,591.0,1.108818,58.0,417.0,0.692691,-185.0,513.0,0.8507463,-90.0,672.0,0.9955556,-3.0,540.0,0.8011869,-134.0,627.0,1.0645162,38.0,536.0,0.78939617,-143.0,573.0,0.88018435,-78.0
2,101.38,-60.42,-239.62,304.1,575.0,0.97789115,-13.0,591.0,1.108818,58.0,417.0,0.692691,-185.0,513.0,0.8507463,-90.0,672.0,0.9955556,-3.0,540.0,0.8011869,-134.0,627.0,1.0645162,38.0,536.0,0.78939617,-143.0,573.0,0.88018435,-78.0
2,101.38,-60.42,-239.62,304.1,575.0,0.97789115,-13.0,592.0,1.1106942,59.0,418.0,0.69435215,-184.0,513.0,0.8507463,-90.0,674.0,0.9985185,-1.0,544.0,0.80712163,-130.0,628.0,1.066214,39.0,536.0,0.78939617,-143.0,574.0,0.8817204,-77.0
2,101.38,-60.42,-240.64,303.8,575.0,0.97789115,-13.0,596.0,1.1181989,63.0,419.0,0.6960133,-183.0,513.0,0.8507463,-90.0,674.0,0.9985185,-1.0,544.0,0.80712163,-130.0,628.0,1.066214,39.0,536.0,0.78939617,-143.0,583.0,0.8955453,-68.0
2,101.38,-60.42,-240.64,303.8,576.0,0.97959185,-12.0,596.0,1.1181989,63.0,422.0,0.7009967,-180.0,513.0,0.8507463,-90.0,675.0,1.0,0.0,544.0,0.80712163,-130.0,628.0,1.066214,39.0,537.0,0.79086894,-142.0,583.0,0.8955453,-68.0
2,101.38,-60.42,-240.64,303.8,576.0,0.97959185,-12.0,596.0,1.1181989,63.0,423.0,0.7026578,-179.0,514.0,0.85240465,-89.0,675.0,1.0,0.0,546.0,0.810089,-128.0,628.0,1.066214,39.0,537.0,0.79086894,-142.0,585.0,0.8986175,-66.0
2,101.38,-60.42,-239.62,303.8,575.0,0.97789115,-13.0,593.0,1.1125704,60.0,423.0,0.7026578,-179.0,515.0,0.85406303,-88.0,673.0,0.99703705,-2.0,551.0,0.81750745,-123.0,629.0,1.0679117,40.0,537.0,0.79086894,-142.0,583.0,0.8955453,-68.0
2,101.38,-60.42,-239.62,303.8,574.0,0.97619045,-14.0,592.0,1.1106942,59.0,422.0,0.7009967,-180.0,514.0,0.85240465,-89.0,673.0,0.99703705,-2.0,551.0,0.81750745,-123.0,629.0,1.0679117,40.0,537.0,0.79086894,-142.0,581.0,0.8924731,-70.0
2,103.42,-61.44,-238.59,303.4,573.0,0.9744898,-15.0,592.0,1.1106942,59.0,421.0,0.6993356,-181.0,514.0,0.85240465,-89.0,672.0,0.9955556,-3.0,544.0,0.80712163,-130.0,628.0,1.066214,39.0,536.0,0.78939617,-143.0,578.0,0.8878648,-73.0
2,103.42,-61.44,-238.59,303.4,573.0,0.9744898,-15.0,591.0,1.108818,58.0,421.0,0.6993356,-181.0,514.0,0.85240465,-89.0,671.0,0.99407405,-4.0,544.0,0.80712163,-130.0,627.0,1.0645162,38.0,536.0,0.78939617,-143.0,575.0,0.88325655,-76.0
2,102.4,-59.39,-236.54,302.8,573.0,0.9744898,-15.0,591.0,1.108818,58.0,419.0,0.6960133,-183.0,513.0,0.8507463,-90.0,670.0,0.9925926,-5.0,542.0,0.8041543,-132.0,627.0,1.0645162,38.0,535.0,0.7879234,-144.0,575.0,0.88325655,-76.0
2,102.4,-59.39,-236.54,302.8,573.0,0.9744898,-15.0,591.0,1.108818,58.0,419.0,0.6960133,-183.0,513.0,0.8507463,-90.0,671.0,0.99407405,-4.0,544.0,0.80712163,-130.0,627.0,1.0645162,38.0,535.0,0.7879234,-144.0,578.0,0.8878648,-73.0
