taskNumber,yaxis,xaxis,zaxis,force
0,111.62,-35.84,-201.73,-0.1
0,111.62,-35.84,-201.73,-0.1
0,111.62,-35.84,-201.73,-0.1
0,125.95,-91.14,-198.66,-0.1
0,125.95,-91.14,-198.66,-0.1
0,125.95,-91.14,-198.66,-0.1
0,125.95,-91.14,-198.66,-0.1
0,125.95,-91.14,-198.66,-0.1
0,115.71,9.22,-211.97,-0.1
0,115.71,9.22,-211.97,-0.1
0,115.71,9.22,-211.97,-0.1
0,115.71,9.22,-211.97,-0.1
0,115.71,9.22,-211.97,-0.1
0,115.71,9.22,-211.97,-0.1
0,179.2,-14.34,-258.05,-0.0
0,179.2,-14.34,-258.05,-0.0
0,179.2,-14.34,-258.05,-0.0
0,179.2,-14.34,-258.05,-0.0
0,179.2,-14.34,-258.05,-0.0
0,138.24,8.19,-218.11,-0.1
0,138.24,8.19,-218.11,-0.1
0,138.24,8.19,-218.11,-0.1
0,138.24,8.19,-218.11,-0.1
0,138.24,8.19,-218.11,-0.1
0,138.24,8.19,-218.11,-0.1
0,100.35,-21.5,-144.38,0.0
0,100.35,-21.5,-144.38,0.0
0,100.35,-21.5,-144.38,0.0
0,100.35,-21.5,-144.38,0.0
0,100.35,-21.5,-144.38,0.0
0,100.35,-21.5,-144.38,0.0
0,218.11,21.5,-240.64,18.0
0,218.11,21.5,-240.64,18.0
0,218.11,21.5,-240.64,18.0
0,218.11,21.5,-240.64,18.0
0,218.11,21.5,-240.64,18.0
0,141.31,30.72,-224.26,121.6
0,141.31,30.72,-224.26,121.6
0,141.31,30.72,-224.26,121.6
0,141.31,30.72,-224.26,121.6
0,141.31,30.72,-224.26,121.6
0,141.31,30.72,-224.26,121.6
0,153.6,27.65,-207.87,252.3
0,153.6,27.65,-207.87,252.3
0,153.6,27.65,-207.87,252.3
0,153.6,27.65,-207.87,252.3
0,153.6,27.65,-207.87,252.3
0,159.74,33.79,-203.78,319.0
0,159.74,33.79,-203.78,319.0
0,159.74,33.79,-203.78,319.0
0,159.74,33.79,-203.78,319.0
0,159.74,33.79,-203.78,319.0
0,159.74,33.79,-203.78,319.0
0,158.72,24.58,-204.8,343.3
0,158.72,24.58,-204.8,343.3
0,158.72,24.58,-204.8,343.3
0,158.72,24.58,-204.8,343.3
0,158.72,24.58,-204.8,343.3
0,164.86,28.67,-194.56,336.5
0,164.86,28.67,-194.56,336.5
0,164.86,28.67,-194.56,336.5
0,164.86,28.67,-194.56,336.5
0,164.86,28.67,-194.56,336.5
0,164.86,28.67,-194.56,336.5
0,153.6,66.56,-180.22,326.0
0,153.6,66.56,-180.22,326.0
0,153.6,66.56,-180.22,326.0
0,153.6,66.56,-180.22,326.0
0,153.6,66.56,-180.22,326.0
0,153.6,66.56,-180.22,326.0
0,149.5,67.58,-195.58,332.2
0,149.5,67.58,-195.58,332.2
0,149.5,67.58,-195.58,332.2
0,149.5,67.58,-195.58,332.2
0,149.5,67.58,-195.58,332.2
0,147.46,47.1,-205.82,346.7
0,147.46,47.1,-205.82,346.7
0,147.46,47.1,-205.82,346.7
0,147.46,47.1,-205.82,346.7
0,147.46,47.1,-205.82,346.7
0,149.5,60.42,-201.73,343.2
0,149.5,60.42,-201.73,343.2
0,149.5,60.42,-201.73,343.2
0,149.5,60.42,-201.73,343.2
0,149.5,60.42,-201.73,343.2
0,149.5,60.42,-201.73,343.2
0,152.58,63.49,-210.94,334.6
0,152.58,63.49,-210.94,334.6
0,152.58,63.49,-210.94,334.6
0,152.58,63.49,-210.94,334.6
0,152.58,63.49,-210.94,334.6
0,152.58,63.49,-210.94,334.6
0,174.08,62.46,-202.75,277.4
0,174.08,62.46,-202.75,277.4
0,174.08,62.46,-202.75,277.4
0,174.08,62.46,-202.75,277.4
0,174.08,62.46,-202.75,277.4
0,153.6,58.37,-180.22,102.0
0,153.6,58.37,-180.22,102.0
0,153.6,58.37,-180.22,102.0
0,153.6,58.37,-180.22,102.0
0,153.6,58.37,-180.22,102.0
0,153.6,58.37,-180.22,102.0
0,123.9,-21.5,-235.52,5.8
0,123.9,-21.5,-235.52,5.8
0,123.9,-21.5,-235.52,5.8
0,123.9,-21.5,-235.52,5.8
0,123.9,-21.5,-235.52,5.8
0,40.96,-1.02,-189.44,-0.1
0,40.96,-1.02,-189.44,-0.1
0,40.96,-1.02,-189.44,-0.1
0,40.96,-1.02,-189.44,-0.1
0,40.96,-1.02,-189.44,-0.1
0,40.96,-1.02,-189.44,-0.1
0,60.42,-36.86,-218.11,-0.2
0,60.42,-36.86,-218.11,-0.2
0,60.42,-36.86,-218.11,-0.2
0,60.42,-36.86,-218.11,-0.2
0,60.42,-36.86,-218.11,-0.2
0,113.66,-43.01,-250.88,-0.1
0,113.66,-43.01,-250.88,-0.1
0,113.66,-43.01,-250.88,-0.1
1,74.75,-47.1,-259.07,-0.0
1,74.75,-47.1,-259.07,-0.0
1,74.75,-47.1,-259.07,-0.0
1,73.73,-41.98,-247.81,-0.0
1,73.73,-41.98,-247.81,-0.0
1,73.73,-41.98,-247.81,-0.0
1,73.73,-41.98,-247.81,-0.0
1,73.73,-41.98,-247.81,-0.0
1,71.68,-34.82,-245.76,-0.1
1,71.68,-34.82,-245.76,-0.1
1,71.68,-34.82,-245.76,-0.1
1,71.68,-34.82,-245.76,-0.1
1,71.68,-34.82,-245.76,-0.1
1,71.68,-34.82,-245.76,-0.1
1,77.82,-46.08,-261.12,-0.0
1,77.82,-46.08,-261.12,-0.0
1,77.82,-46.08,-261.12,-0.0
1,77.82,-46.08,-261.12,-0.0
1,77.82,-46.08,-261.12,-0.0
1,77.82,-34.82,-256.0,-0.0
1,77.82,-34.82,-256.0,-0.0
1,77.82,-34.82,-256.0,-0.0
1,77.82,-34.82,-256.0,-0.0
1,77.82,-34.82,-256.0,-0.0
1,77.82,-34.82,-256.0,-0.0
1,73.73,-39.94,-232.45,-0.0
1,73.73,-39.94,-232.45,-0.0
1,73.73,-39.94,-232.45,-0.0
1,73.73,-39.94,-232.45,-0.0
1,73.73,-39.94,-232.45,-0.0
1,88.06,-57.34,-235.52,-0.1
1,88.06,-57.34,-235.52,-0.1
1,88.06,-57.34,-235.52,-0.1
1,88.06,-57.34,-235.52,-0.1
1,88.06,-57.34,-235.52,-0.1
1,88.06,-57.34,-235.52,-0.1
1,103.42,-88.06,-223.23,-0.2
1,103.42,-88.06,-223.23,-0.2
1,103.42,-88.06,-223.23,-0.2
1,103.42,-88.06,-223.23,-0.2
1,103.42,-88.06,-223.23,-0.2
1,116.74,-23.55,-250.88,-0.2
1,116.74,-23.55,-250.88,-0.2
1,116.74,-23.55,-250.88,-0.2
1,116.74,-23.55,-250.88,-0.2
1,116.74,-23.55,-250.88,-0.2
1,116.74,-23.55,-250.88,-0.2
1,135.17,-18.43,-244.74,-0.1
1,135.17,-18.43,-244.74,-0.1
1,135.17,-18.43,-244.74,-0.1
1,135.17,-18.43,-244.74,-0.1
1,135.17,-18.43,-244.74,-0.1
1,135.17,-18.43,-244.74,-0.1
1,130.05,2.05,-146.43,3.6
1,130.05,2.05,-146.43,3.6
1,130.05,2.05,-146.43,3.6
1,130.05,2.05,-146.43,3.6
1,130.05,2.05,-146.43,3.6
1,145.41,2.05,-219.14,69.2
1,145.41,2.05,-219.14,69.2
1,145.41,2.05,-219.14,69.2
1,145.41,2.05,-219.14,69.2
1,145.41,2.05,-219.14,69.2
1,145.41,2.05,-219.14,69.2
1,139.26,19.46,-212.99,233.9
1,139.26,19.46,-212.99,233.9
1,139.26,19.46,-212.99,233.9
1,139.26,19.46,-212.99,233.9
1,139.26,19.46,-212.99,233.9
1,154.62,23.55,-206.85,347.8
1,154.62,23.55,-206.85,347.8
1,154.62,23.55,-206.85,347.8
1,154.62,23.55,-206.85,347.8
1,154.62,23.55,-206.85,347.8
1,154.62,23.55,-206.85,347.8
1,161.79,27.65,-201.73,380.8
1,161.79,27.65,-201.73,380.8
1,161.79,27.65,-201.73,380.8
1,161.79,27.65,-201.73,380.8
1,161.79,27.65,-201.73,380.8
1,163.84,33.79,-200.7,395.1
1,163.84,33.79,-200.7,395.1
1,163.84,33.79,-200.7,395.1
1,163.84,33.79,-200.7,395.1
1,163.84,33.79,-200.7,395.1
1,163.84,33.79,-200.7,395.1
1,178.18,99.33,-201.73,382.6
1,178.18,99.33,-201.73,382.6
1,178.18,99.33,-201.73,382.6
1,178.18,99.33,-201.73,382.6
1,178.18,99.33,-201.73,382.6
1,178.18,99.33,-201.73,382.6
1,147.46,266.24,-90.11,395.4
1,147.46,266.24,-90.11,395.4
1,147.46,266.24,-90.11,395.4
1,147.46,266.24,-90.11,395.4
1,147.46,266.24,-90.11,395.4
1,219.14,-137.22,-307.2,414.0
1,219.14,-137.22,-307.2,414.0
1,219.14,-137.22,-307.2,414.0
1,219.14,-137.22,-307.2,414.0
1,219.14,-137.22,-307.2,414.0
1,219.14,-137.22,-307.2,414.0
1,148.48,51.2,-206.85,417.7
1,148.48,51.2,-206.85,417.7
1,148.48,51.2,-206.85,417.7
1,148.48,51.2,-206.85,417.7
1,148.48,51.2,-206.85,417.7
1,212.99,122.88,-210.94,398.4
1,212.99,122.88,-210.94,398.4
1,212.99,122.88,-210.94,398.4
1,212.99,122.88,-210.94,398.4
1,212.99,122.88,-210.94,398.4
1,212.99,122.88,-210.94,398.4
1,153.6,61.44,-221.18,365.2
1,153.6,61.44,-221.18,365.2
1,153.6,61.44,-221.18,365.2
1,153.6,61.44,-221.18,365.2
1,153.6,61.44,-221.18,365.2
1,155.65,49.15,-205.82,338.8
1,155.65,49.15,-205.82,338.8
1,155.65,49.15,-205.82,338.8
1,155.65,49.15,-205.82,338.8
1,155.65,49.15,-205.82,338.8
1,155.65,49.15,-205.82,338.8
1,284.67,57.34,-358.4,202.4
1,284.67,57.34,-358.4,202.4
1,284.67,57.34,-358.4,202.4
1,284.67,57.34,-358.4,202.4
1,284.67,57.34,-358.4,202.4
1,284.67,57.34,-358.4,202.4
1,186.37,21.5,-272.38,36.0
1,186.37,21.5,-272.38,36.0
1,186.37,21.5,-272.38,36.0
1,186.37,21.5,-272.38,36.0
1,186.37,21.5,-272.38,36.0
1,2.05,-20.48,-142.34,0.3
1,2.05,-20.48,-142.34,0.3
1,2.05,-20.48,-142.34,0.3
1,2.05,-20.48,-142.34,0.3
1,2.05,-20.48,-142.34,0.3
1,2.05,-20.48,-142.34,0.3
1,8.19,-67.58,-226.3,-0.1
1,8.19,-67.58,-226.3,-0.1
1,8.19,-67.58,-226.3,-0.1
1,8.19,-67.58,-226.3,-0.1
1,8.19,-67.58,-226.3,-0.1
1,44.03,-37.89,-258.05,-0.1
1,44.03,-37.89,-258.05,-0.1
1,44.03,-37.89,-258.05,-0.1
1,44.03,-37.89,-258.05,-0.1
1,44.03,-37.89,-258.05,-0.1
1,44.03,-37.89,-258.05,-0.1
1,61.44,-38.91,-260.1,-0.1
2,89.09,-44.03,-243.71,-0.2
2,89.09,-40.96,-250.88,-0.2
2,89.09,-40.96,-250.88,-0.2
2,89.09,-40.96,-250.88,-0.2
2,89.09,-40.96,-250.88,-0.2
2,89.09,-40.96,-250.88,-0.2
2,89.09,-40.96,-250.88,-0.2
2,80.9,-37.89,-235.52,-0.3
2,80.9,-37.89,-235.52,-0.3
2,80.9,-37.89,-235.52,-0.3
2,80.9,-37.89,-235.52,-0.3
2,80.9,-37.89,-235.52,-0.3
2,90.11,-37.89,-252.93,-0.3
2,90.11,-37.89,-252.93,-0.3
2,90.11,-37.89,-252.93,-0.3
2,90.11,-37.89,-252.93,-0.3
2,90.11,-37.89,-252.93,-0.3
2,90.11,-37.89,-252.93,-0.3
2,96.26,-43.01,-260.1,-0.2
2,96.26,-43.01,-260.1,-0.2
2,96.26,-43.01,-260.1,-0.2
2,96.26,-43.01,-260.1,-0.2
2,96.26,-43.01,-260.1,-0.2
2,96.26,-33.79,-250.88,-0.3
2,96.26,-33.79,-250.88,-0.3
2,96.26,-33.79,-250.88,-0.3
2,96.26,-33.79,-250.88,-0.3
2,96.26,-33.79,-250.88,-0.3
2,96.26,-33.79,-250.88,-0.3
2,93.18,-58.37,-238.59,-0.3
2,93.18,-58.37,-238.59,-0.3
2,93.18,-58.37,-238.59,-0.3
2,93.18,-58.37,-238.59,-0.3
2,93.18,-58.37,-238.59,-0.3
2,79.87,-75.78,-207.87,-0.3
2,79.87,-75.78,-207.87,-0.3
2,79.87,-75.78,-207.87,-0.3
2,79.87,-75.78,-207.87,-0.3
2,79.87,-75.78,-207.87,-0.3
2,79.87,-75.78,-207.87,-0.3
2,81.92,-79.87,-204.8,-0.3
2,81.92,-79.87,-204.8,-0.3
2,81.92,-79.87,-204.8,-0.3
2,81.92,-79.87,-204.8,-0.3
2,81.92,-79.87,-204.8,-0.3
2,81.92,-79.87,-204.8,-0.3
2,156.67,26.62,-319.49,-0.2
2,156.67,26.62,-319.49,-0.2
2,156.67,26.62,-319.49,-0.2
2,156.67,26.62,-319.49,-0.2
2,156.67,26.62,-319.49,-0.2
2,131.07,6.14,-232.45,-0.2
2,131.07,6.14,-232.45,-0.2
2,131.07,6.14,-232.45,-0.2
2,131.07,6.14,-232.45,-0.2
2,131.07,6.14,-232.45,-0.2
2,131.07,6.14,-232.45,-0.2
2,361.47,-55.3,-524.29,9.3
2,361.47,-55.3,-524.29,9.3
2,361.47,-55.3,-524.29,9.3
2,361.47,-55.3,-524.29,9.3
2,361.47,-55.3,-524.29,9.3
2,118.78,12.29,-214.02,119.6
2,118.78,12.29,-214.02,119.6
2,118.78,12.29,-214.02,119.6
2,118.78,12.29,-214.02,119.6
2,118.78,12.29,-214.02,119.6
2,118.78,12.29,-214.02,119.6
2,139.26,22.53,-225.28,315.3
2,139.26,22.53,-225.28,315.3
2,139.26,22.53,-225.28,315.3
2,139.26,22.53,-225.28,315.3
2,139.26,22.53,-225.28,315.3
2,137.22,21.5,-216.06,427.0
2,137.22,21.5,-216.06,427.0
2,137.22,21.5,-216.06,427.0
2,137.22,21.5,-216.06,427.0
2,137.22,21.5,-216.06,427.0
2,137.22,21.5,-216.06,427.0
2,135.17,41.98,-221.18,439.9
2,135.17,41.98,-221.18,439.9
2,135.17,41.98,-221.18,439.9
2,135.17,41.98,-221.18,439.9
2,135.17,41.98,-221.18,439.9
2,193.54,-456.7,-338.94,423.4
2,193.54,-456.7,-338.94,423.4
2,193.54,-456.7,-338.94,423.4
2,193.54,-456.7,-338.94,423.4
2,193.54,-456.7,-338.94,423.4
2,193.54,-456.7,-338.94,423.4
2,143.36,88.06,-275.46,400.8
2,143.36,88.06,-275.46,400.8
2,143.36,88.06,-275.46,400.8
2,143.36,88.06,-275.46,400.8
2,143.36,88.06,-275.46,400.8
2,143.36,88.06,-275.46,400.8
2,142.34,38.91,-222.21,411.5
2,142.34,38.91,-222.21,411.5
2,142.34,38.91,-222.21,411.5
2,142.34,38.91,-222.21,411.5
2,142.34,38.91,-222.21,411.5
2,140.29,56.32,-214.02,428.9
2,140.29,56.32,-214.02,428.9
2,140.29,56.32,-214.02,428.9
2,140.29,56.32,-214.02,428.9
2,140.29,56.32,-214.02,428.9
2,140.29,56.32,-214.02,428.9
2,146.43,64.51,-212.99,440.2
2,146.43,64.51,-212.99,440.2
2,146.43,64.51,-212.99,440.2
2,146.43,64.51,-212.99,440.2
2,146.43,64.51,-212.99,440.2
2,144.38,59.39,-211.97,433.3
2,144.38,59.39,-211.97,433.3
2,144.38,59.39,-211.97,433.3
2,144.38,59.39,-211.97,433.3
2,144.38,59.39,-211.97,433.3
2,144.38,59.39,-211.97,433.3
2,152.58,66.56,-219.14,385.0
2,152.58,66.56,-219.14,385.0
2,152.58,66.56,-219.14,385.0
2,152.58,66.56,-219.14,385.0
2,152.58,66.56,-219.14,385.0
2,181.25,35.84,-144.38,188.3
2,181.25,35.84,-144.38,188.3
2,181.25,35.84,-144.38,188.3
2,181.25,35.84,-144.38,188.3
2,181.25,35.84,-144.38,188.3
2,181.25,35.84,-144.38,188.3
2,57.34,10.24,-223.23,18.9
2,57.34,10.24,-223.23,18.9
2,57.34,10.24,-223.23,18.9
2,57.34,10.24,-223.23,18.9
2,57.34,10.24,-223.23,18.9
2,57.34,10.24,-223.23,18.9
2,55.3,-27.65,-230.4,-0.2
2,55.3,-27.65,-230.4,-0.2
2,55.3,-27.65,-230.4,-0.2
2,55.3,-27.65,-230.4,-0.2
2,55.3,-27.65,-230.4,-0.2
2,52.22,-50.18,-216.06,-0.3
2,52.22,-50.18,-216.06,-0.3
2,52.22,-50.18,-216.06,-0.3
2,52.22,-50.18,-216.06,-0.3
2,52.22,-50.18,-216.06,-0.3
2,52.22,-50.18,-216.06,-0.3
2,82.94,-37.89,-249.86,-0.3
2,82.94,-37.89,-249.86,-0.3
2,82.94,-37.89,-249.86,-0.3
2,82.94,-37.89,-249.86,-0.3
2,82.94,-37.89,-249.86,-0.3
2,98.3,-33.79,-263.17,-0.3
2,98.3,-33.79,-263.17,-0.3
2,98.3,-33.79,-263.17,-0.3
2,98.3,-33.79,-263.17,-0.3
2,98.3,-33.79,-263.17,-0.3
3,90.11,-48.13,-247.81,-0.2
3,90.11,-48.13,-247.81,-0.2
3,91.14,-34.82,-242.69,-0.3
3,91.14,-34.82,-242.69,-0.3
3,91.14,-34.82,-242.69,-0.3
3,91.14,-34.82,-242.69,-0.3
3,91.14,-34.82,-242.69,-0.3
3,91.14,-34.82,-242.69,-0.3
3,98.3,-8.19,-252.93,-0.3
3,98.3,-8.19,-252.93,-0.3
3,98.3,-8.19,-252.93,-0.3
3,98.3,-8.19,-252.93,-0.3
3,98.3,-8.19,-252.93,-0.3
3,91.14,-50.18,-248.83,-0.2
3,91.14,-50.18,-248.83,-0.2
3,91.14,-50.18,-248.83,-0.2
3,91.14,-50.18,-248.83,-0.2
3,91.14,-50.18,-248.83,-0.2
3,91.14,-50.18,-248.83,-0.2
3,98.3,-75.78,-225.28,-0.1
3,98.3,-75.78,-225.28,-0.1
3,98.3,-75.78,-225.28,-0.1
3,98.3,-75.78,-225.28,-0.1
3,98.3,-75.78,-225.28,-0.1
3,114.69,-11.26,-216.06,-0.2
3,114.69,-11.26,-216.06,-0.2
3,114.69,-11.26,-216.06,-0.2
3,114.69,-11.26,-216.06,-0.2
3,114.69,-11.26,-216.06,-0.2
3,114.69,-11.26,-216.06,-0.2
3,155.65,7.17,-236.54,-0.2
3,155.65,7.17,-236.54,-0.2
3,155.65,7.17,-236.54,-0.2
3,155.65,7.17,-236.54,-0.2
3,155.65,7.17,-236.54,-0.2
3,135.17,-4.1,-188.42,-0.2
3,135.17,-4.1,-188.42,-0.2
3,135.17,-4.1,-188.42,-0.2
3,135.17,-4.1,-188.42,-0.2
3,135.17,-4.1,-188.42,-0.2
3,135.17,-4.1,-188.42,-0.2
3,112.64,-12.29,-122.88,1.8
3,112.64,-12.29,-122.88,1.8
3,112.64,-12.29,-122.88,1.8
3,112.64,-12.29,-122.88,1.8
3,112.64,-12.29,-122.88,1.8
3,161.79,1.02,-219.14,65.6
3,161.79,1.02,-219.14,65.6
3,161.79,1.02,-219.14,65.6
3,161.79,1.02,-219.14,65.6
3,161.79,1.02,-219.14,65.6
3,161.79,1.02,-219.14,65.6
3,163.84,22.53,-207.87,251.7
3,163.84,22.53,-207.87,251.7
3,163.84,22.53,-207.87,251.7
3,163.84,22.53,-207.87,251.7
3,163.84,22.53,-207.87,251.7
3,163.84,22.53,-207.87,251.7
3,147.46,151.55,-137.22,389.8
3,147.46,151.55,-137.22,389.8
3,147.46,151.55,-137.22,389.8
3,147.46,151.55,-137.22,389.8
3,147.46,151.55,-137.22,389.8
3,148.48,13.31,-214.02,440.6
3,148.48,13.31,-214.02,440.6
3,148.48,13.31,-214.02,440.6
3,148.48,13.31,-214.02,440.6
3,148.48,13.31,-214.02,440.6
3,148.48,13.31,-214.02,440.6
3,160.77,37.89,-190.46,459.4
3,160.77,37.89,-190.46,459.4
3,160.77,37.89,-190.46,459.4
3,160.77,37.89,-190.46,459.4
3,160.77,37.89,-190.46,459.4
3,192.51,2.05,-276.48,456.7
3,192.51,2.05,-276.48,456.7
3,192.51,2.05,-276.48,456.7
3,192.51,2.05,-276.48,456.7
3,192.51,2.05,-276.48,456.7
3,192.51,2.05,-276.48,456.7
3,148.48,111.62,-222.21,441.4
3,148.48,111.62,-222.21,441.4
3,148.48,111.62,-222.21,441.4
3,148.48,111.62,-222.21,441.4
3,148.48,111.62,-222.21,441.4
3,143.36,59.39,-208.9,448.7
3,143.36,59.39,-208.9,448.7
3,143.36,59.39,-208.9,448.7
3,143.36,59.39,-208.9,448.7
3,143.36,59.39,-208.9,448.7
3,143.36,59.39,-208.9,448.7
3,142.34,65.54,-209.92,427.5
3,142.34,65.54,-209.92,427.5
3,142.34,65.54,-209.92,427.5
3,142.34,65.54,-209.92,427.5
3,142.34,65.54,-209.92,427.5
3,142.34,65.54,-209.92,427.5
3,131.07,68.61,-212.99,422.2
3,131.07,68.61,-212.99,422.2
3,131.07,68.61,-212.99,422.2
3,131.07,68.61,-212.99,422.2
3,131.07,68.61,-212.99,422.2
3,138.24,72.7,-212.99,425.0
3,138.24,72.7,-212.99,425.0
3,138.24,72.7,-212.99,425.0
3,138.24,72.7,-212.99,425.0
3,138.24,72.7,-212.99,425.0
3,138.24,72.7,-212.99,425.0
3,258.05,105.47,-382.98,284.1
3,258.05,105.47,-382.98,284.1
3,258.05,105.47,-382.98,284.1
3,258.05,105.47,-382.98,284.1
3,258.05,105.47,-382.98,284.1
3,179.2,57.34,-246.78,55.9
3,179.2,57.34,-246.78,55.9
3,179.2,57.34,-246.78,55.9
3,179.2,57.34,-246.78,55.9
3,179.2,57.34,-246.78,55.9
3,179.2,57.34,-246.78,55.9
3,17.41,-34.82,-179.2,0.4
3,17.41,-34.82,-179.2,0.4
3,17.41,-34.82,-179.2,0.4
3,17.41,-34.82,-179.2,0.4
3,17.41,-34.82,-179.2,0.4
3,17.41,-34.82,-179.2,0.4
3,-16.38,-76.8,-120.83,-0.2
3,-16.38,-76.8,-120.83,-0.2
3,-16.38,-76.8,-120.83,-0.2
3,-16.38,-76.8,-120.83,-0.2
3,-16.38,-76.8,-120.83,-0.2
3,119.81,-40.96,-272.38,-0.2
3,119.81,-40.96,-272.38,-0.2
3,119.81,-40.96,-272.38,-0.2
3,119.81,-40.96,-272.38,-0.2
3,119.81,-40.96,-272.38,-0.2
3,86.02,-24.58,-250.88,-0.3
3,86.02,-24.58,-250.88,-0.3
3,86.02,-24.58,-250.88,-0.3
3,86.02,-24.58,-250.88,-0.3
3,86.02,-24.58,-250.88,-0.3
3,86.02,-24.58,-250.88,-0.3
3,89.09,-23.55,-251.9,-0.3
3,89.09,-23.55,-251.9,-0.3
3,89.09,-23.55,-251.9,-0.3
3,89.09,-23.55,-251.9,-0.3
3,89.09,-23.55,-251.9,-0.3
3,89.09,-23.55,-251.9,-0.3
3,89.09,-29.7,-240.64,-0.3
4,140.29,-39.94,-223.23,-0.3
4,113.66,30.72,-210.94,-0.2
4,113.66,30.72,-210.94,-0.2
4,113.66,30.72,-210.94,-0.2
4,113.66,30.72,-210.94,-0.2
4,113.66,30.72,-210.94,-0.2
4,144.38,-7.17,-242.69,-0.2
4,144.38,-7.17,-242.69,-0.2
4,144.38,-7.17,-242.69,-0.2
4,144.38,-7.17,-242.69,-0.2
4,144.38,-7.17,-242.69,-0.2
4,144.38,-7.17,-242.69,-0.2
4,133.12,-14.34,-226.3,-0.3
4,133.12,-14.34,-226.3,-0.3
4,133.12,-14.34,-226.3,-0.3
4,133.12,-14.34,-226.3,-0.3
4,133.12,-14.34,-226.3,-0.3
4,130.05,-11.26,-220.16,-0.3
4,130.05,-11.26,-220.16,-0.3
4,130.05,-11.26,-220.16,-0.3
4,130.05,-11.26,-220.16,-0.3
4,130.05,-11.26,-220.16,-0.3
4,130.05,-11.26,-220.16,-0.3
4,104.45,11.26,-217.09,-0.3
4,104.45,11.26,-217.09,-0.3
4,104.45,11.26,-217.09,-0.3
4,104.45,11.26,-217.09,-0.3
4,104.45,11.26,-217.09,-0.3
4,174.08,20.48,-247.81,-0.2
4,174.08,20.48,-247.81,-0.2
4,174.08,20.48,-247.81,-0.2
4,174.08,20.48,-247.81,-0.2
4,174.08,20.48,-247.81,-0.2
4,174.08,20.48,-247.81,-0.2
4,126.98,8.19,-220.16,-0.2
4,126.98,8.19,-220.16,-0.2
4,126.98,8.19,-220.16,-0.2
4,126.98,8.19,-220.16,-0.2
4,126.98,8.19,-220.16,-0.2
4,126.98,8.19,-220.16,-0.2
4,161.79,11.26,-230.4,-0.3
4,161.79,11.26,-230.4,-0.3
4,161.79,11.26,-230.4,-0.3
4,161.79,11.26,-230.4,-0.3
4,161.79,11.26,-230.4,-0.3
4,137.22,4.1,-256.0,-0.1
4,137.22,4.1,-256.0,-0.1
4,137.22,4.1,-256.0,-0.1
4,137.22,4.1,-256.0,-0.1
4,137.22,4.1,-256.0,-0.1
4,137.22,4.1,-256.0,-0.1
4,269.31,125.95,-269.31,20.1
4,269.31,125.95,-269.31,20.1
4,269.31,125.95,-269.31,20.1
4,269.31,125.95,-269.31,20.1
4,269.31,125.95,-269.31,20.1
4,157.7,46.08,-221.18,141.5
4,157.7,46.08,-221.18,141.5
4,157.7,46.08,-221.18,141.5
4,157.7,46.08,-221.18,141.5
4,157.7,46.08,-221.18,141.5
4,157.7,46.08,-221.18,141.5
4,155.65,61.44,-203.78,278.5
4,155.65,61.44,-203.78,278.5
4,155.65,61.44,-203.78,278.5
4,155.65,61.44,-203.78,278.5
4,155.65,61.44,-203.78,278.5
4,147.46,136.19,-194.56,374.4
4,147.46,136.19,-194.56,374.4
4,147.46,136.19,-194.56,374.4
4,147.46,136.19,-194.56,374.4
4,147.46,136.19,-194.56,374.4
4,147.46,136.19,-194.56,374.4
4,260.1,-524.29,-344.06,454.5
4,260.1,-524.29,-344.06,454.5
4,260.1,-524.29,-344.06,454.5
4,260.1,-524.29,-344.06,454.5
4,260.1,-524.29,-344.06,454.5
4,153.6,60.42,-260.1,475.9
4,153.6,60.42,-260.1,475.9
4,153.6,60.42,-260.1,475.9
4,153.6,60.42,-260.1,475.9
4,153.6,60.42,-260.1,475.9
4,153.6,60.42,-260.1,475.9
4,142.34,86.02,-199.68,512.8
4,142.34,86.02,-199.68,512.8
4,142.34,86.02,-199.68,512.8
4,142.34,86.02,-199.68,512.8
4,142.34,86.02,-199.68,512.8
4,147.46,80.9,-199.68,560.6
4,147.46,80.9,-199.68,560.6
4,147.46,80.9,-199.68,560.6
4,147.46,80.9,-199.68,560.6
4,147.46,80.9,-199.68,560.6
4,147.46,80.9,-199.68,560.6
4,148.48,77.82,-207.87,562.7
4,148.48,77.82,-207.87,562.7
4,148.48,77.82,-207.87,562.7
4,148.48,77.82,-207.87,562.7
4,148.48,77.82,-207.87,562.7
4,148.48,77.82,-207.87,562.7
4,141.31,75.78,-210.94,540.1
4,141.31,75.78,-210.94,540.1
4,141.31,75.78,-210.94,540.1
4,141.31,75.78,-210.94,540.1
4,141.31,75.78,-210.94,540.1
4,317.44,56.32,-524.29,361.5
4,317.44,56.32,-524.29,361.5
4,317.44,56.32,-524.29,361.5
4,317.44,56.32,-524.29,361.5
4,317.44,56.32,-524.29,361.5
4,317.44,56.32,-524.29,361.5
4,61.44,7.17,-148.48,79.3
4,61.44,7.17,-148.48,79.3
4,61.44,7.17,-148.48,79.3
4,61.44,7.17,-148.48,79.3
4,61.44,7.17,-148.48,79.3
4,70.66,-16.38,-248.83,1.2
4,70.66,-16.38,-248.83,1.2
4,70.66,-16.38,-248.83,1.2
4,70.66,-16.38,-248.83,1.2
4,70.66,-16.38,-248.83,1.2
4,70.66,-16.38,-248.83,1.2
4,112.64,-14.34,-284.67,-0.2
4,112.64,-14.34,-284.67,-0.2
4,112.64,-14.34,-284.67,-0.2
4,112.64,-14.34,-284.67,-0.2
4,112.64,-14.34,-284.67,-0.2
4,105.47,-29.7,-256.0,-0.1
4,105.47,-29.7,-256.0,-0.1
4,105.47,-29.7,-256.0,-0.1
4,105.47,-29.7,-256.0,-0.1
4,105.47,-29.7,-256.0,-0.1
4,105.47,-29.7,-256.0,-0.1
4,100.35,-38.91,-242.69,-0.1
4,100.35,-38.91,-242.69,-0.1
4,100.35,-38.91,-242.69,-0.1
4,100.35,-38.91,-242.69,-0.1
